tanggal	sst_mur	hs_mur	dhw_mur	ba_mur	sst_ct5km	hs_ct5km	dhw_ct5km	ba_ct5km	ssta_ct5km	adt	sla
2016-01-02	29.1733	-0.5993	0.0000	0.0000	29.4922	 0.2826	 2.1446	1.0000	 0.5504	0.8751	 0.0461
2016-01-09	30.4799	 0.7073	0.0000	1.0000	30.1784	 0.9688	 2.7252	1.4783	 1.2629	0.8724	 0.0435
2016-01-16	30.7778	 1.0052	0.5889	1.5252	30.4710	 1.2614	 3.3743	2.0725	 1.5936	0.8300	 0.0011
2016-01-23	31.0559	 1.2833	1.8723	2.0000	29.0919	-0.1177	 3.9129	0.0145	 0.3236	0.8304	 0.0014
2016-01-30	29.2655	-0.5071	1.8723	0.0168	29.2646	 0.0551	 3.9129	0.6087	 0.6065	0.8356	 0.0068
2016-02-06	29.1452	-0.6274	1.8723	0.0000	29.6899	 0.4803	 3.9129	1.0000	 1.1414	0.8618	 0.0330
2016-02-13	29.3676	-0.4050	1.8723	0.0064	29.3172	 0.1077	 3.9129	0.7391	 0.8793	0.8904	 0.0615
2016-02-20	29.8569	 0.0843	1.8723	0.7148	29.8658	 0.6562	 3.6174	1.0000	 1.4151	0.8890	 0.0601
2016-02-27	30.2486	 0.4760	1.8727	1.0004	29.6565	 0.4470	 2.8452	1.0000	 1.1448	0.8381	 0.0092
2016-03-05	29.9445	 0.1719	1.8727	0.7680	29.8683	 0.6587	 1.7787	1.0000	 1.2957	0.8153	-0.0135
2016-03-12	30.4344	 0.6618	1.8763	1.0040	30.7049	 1.4954	 2.7961	2.0000	 2.0712	0.8155	-0.0134
2016-03-19	30.7884	 1.0158	2.5223	1.5808	30.2114	 1.0019	 3.4488	1.8551	 1.4910	0.8464	 0.0175
2016-03-26	30.7070	 0.9344	2.9109	1.6228	30.5768	 1.3672	 4.8009	2.7536	 1.7509	0.8701	 0.0412
2016-04-02	30.6980	 0.9254	3.4339	1.7632	30.2855	 1.0759	 5.3320	2.1884	 1.3539	0.8938	 0.0649
2016-04-09	30.1680	 0.3954	2.8450	1.0000	30.4374	 1.2278	 5.8390	2.9710	 1.4006	0.9047	 0.0758
2016-04-16	30.5688	 0.7962	1.7381	1.3308	30.3671	 1.1575	 6.5255	2.8551	 1.2403	0.8971	 0.0681
2016-04-23	30.2344	 0.4618	1.7381	1.0000	30.2403	 1.0307	 7.6093	2.6667	 1.1175	0.9011	 0.0722
2016-04-30	29.9014	 0.1288	1.7381	0.6752	30.1930	 0.9835	 7.8922	2.7101	 1.0754	0.8991	 0.0702
2016-05-07	30.4406	 0.6680	1.7381	1.0000	31.0220	 1.8125	 8.9793	3.6377	 1.9068	0.9113	 0.0824
2016-05-14	30.4221	 0.6495	1.7381	1.0000	30.2014	 0.9919	10.2039	2.6522	 1.0903	0.9679	 0.1390
2016-05-21	30.5547	 0.7821	1.8607	1.1304	30.7843	 1.5748	11.7190	3.9710	 1.7694	0.9747	 0.1458
2016-05-28	30.5156	 0.7430	1.9432	1.0804	30.0313	 0.8217	12.6343	1.0435	 1.1307	1.0060	 0.1770
2016-06-04	30.1140	 0.3414	1.9395	0.9804	30.2265	 1.0170	12.3596	2.6957	 1.4394	1.0961	 0.2672
2016-06-11	30.2892	 0.5166	1.2935	1.0000	30.0674	 0.8578	12.2690	1.0000	 1.3938	1.1236	 0.2947
2016-06-18	29.5551	-0.2175	0.9050	0.2228	28.9743	-0.2352	10.9174	0.1739	 0.4368	1.0620	 0.2331
2016-06-25	29.5046	-0.2680	0.3819	0.0320	29.4030	 0.1935	 9.8065	0.6812	 1.0319	1.1006	 0.2717
2016-07-02	29.6111	-0.1615	0.3819	0.1000	29.4628	 0.2532	 8.6488	1.0000	 1.2580	1.0764	 0.2475
2016-07-09	29.5028	-0.2698	0.2055	0.0000	29.1755	-0.0341	 7.4242	0.4638	 1.1380	1.0280	 0.1992
2016-07-16	28.9783	-0.7943	0.2055	0.0000	29.0297	-0.1799	 6.3406	0.3623	 1.1458	0.9359	 0.1069
2016-07-23	29.0671	-0.7055	0.2055	0.0000	29.1704	-0.0391	 6.0583	0.3768	 1.3771	0.9413	 0.1124
2016-07-30	28.9549	-0.8177	0.2055	0.0000	29.1017	-0.1078	 4.9710	0.0000	 1.3959	0.9659	 0.1370
2016-08-06	28.9503	-0.8222	0.2055	0.0000	28.6465	-0.5630	 3.7467	0.0000	 1.0306	0.9268	 0.0979
2016-08-13	29.0639	-0.7087	0.0825	0.0000	28.6158	-0.5938	 2.2319	0.0000	 1.0864	0.9123	 0.0835
2016-08-20	28.9099	-0.8627	0.0000	0.0000	28.6587	-0.5509	 1.3162	0.0000	 1.1509	0.8564	 0.0275
2016-08-27	28.8478	-0.9248	0.0000	0.0000	28.6923	-0.5172	 0.5619	0.0000	 1.1757	0.8939	 0.0650
2016-09-03	28.8765	-0.8960	0.0000	0.0000	29.0567	-0.1529	 0.0000	0.2464	 1.5333	0.9524	 0.1235
2016-09-10	29.0144	-0.7582	0.0000	0.0000	28.4259	-0.7836	 0.0000	0.0000	 0.8938	0.9395	 0.1106
2016-09-17	29.0526	-0.7199	0.0000	0.0000	29.2658	 0.0562	 0.0000	0.5797	 1.6817	0.9269	 0.0980
2016-09-24	29.5483	-0.2243	0.0000	0.0256	29.3457	 0.1361	 0.0000	1.0000	 1.5980	0.9537	 0.1248
2016-10-01	29.9392	 0.1666	0.0000	0.7864	29.5568	 0.3472	 0.0000	1.0000	 1.6439	0.9755	 0.1466
2016-10-08	29.4966	-0.2760	0.0000	0.0068	29.1941	-0.0155	 0.0000	0.5942	 1.1155	0.9897	 0.1608
2016-10-15	29.8534	 0.0809	0.0000	0.5564	29.5133	 0.3038	 0.0000	0.8406	 1.2706	0.9437	 0.1149
2016-10-22	29.3594	-0.4132	0.0000	0.0000	29.2093	-0.0003	 0.0000	0.5217	 0.7481	0.9852	 0.1564
2016-10-29	29.6965	-0.0761	0.0000	0.2432	29.7587	 0.5491	 0.0000	1.0000	 1.0796	0.9874	 0.1585
2016-11-05	29.9082	 0.1356	0.0000	0.9140	29.5993	 0.3897	 0.0907	1.0000	 0.7017	1.0125	 0.1836
2016-11-12	29.9275	 0.1549	0.0000	0.8136	30.1035	 0.8939	 0.3933	1.2029	 0.9862	0.9841	 0.1552
2016-11-19	30.2022	 0.4296	0.0000	0.9776	30.2293	 1.0197	 1.0042	1.7101	 1.0464	1.0170	 0.1880
2016-11-26	30.0160	 0.2434	0.0000	0.8968	30.4832	 1.2736	 1.7345	2.0000	 1.3484	0.9673	 0.1384
2016-12-03	29.4111	-0.3614	0.0000	0.0244	30.2945	 1.0849	 2.9041	2.0145	 1.2064	1.0133	 0.1844
2016-12-10	29.5598	-0.2128	0.0000	0.1312	29.9996	 0.7900	 3.4568	1.3478	 0.9586	1.0334	 0.2044
2016-12-17	29.7725	 0.0000	0.0000	0.5128	29.6351	 0.4255	 3.5290	1.0000	 0.6352	1.0644	 0.2355
2016-12-24	28.8941	-0.8785	0.0000	0.0000	29.2668	 0.0572	 3.5290	0.6232	 0.2916	1.0485	 0.2196
2016-12-31	29.0492	-0.7234	0.0000	0.0000	29.0983	-0.1113	 3.5290	0.2899	 0.1497	1.0482	 0.2193
2017-01-07	28.6634	-1.1092	0.0000	0.0000	29.0713	-0.1383	 3.5290	0.2029	 0.1477	1.0016	 0.1727
2017-01-14	28.7966	-0.9760	0.0000	0.0000	29.1312	-0.0784	 3.5290	0.3768	 0.2346	1.0612	 0.2323
2017-01-21	28.5884	-1.1842	0.0000	0.0000	29.5699	 0.3603	 3.5290	0.9855	 0.7703	1.0243	 0.1954
2017-01-28	28.3783	-1.3943	0.0000	0.0000	29.4622	 0.2526	 3.4378	1.0000	 0.7728	0.9658	 0.1369
2017-02-04	28.6415	-1.1311	0.0000	0.0000	28.4904	-0.7191	 3.1352	0.0000	-0.0891	0.9605	 0.1316
2017-02-11	29.1953	-0.5773	0.0000	0.0000	28.6842	-0.5254	 2.5238	0.0000	 0.2146	0.9368	 0.1079
2017-02-18	28.5193	-1.2533	0.0000	0.0000	28.5254	-0.6842	 1.7938	0.0000	 0.0916	0.9055	 0.0766
2017-02-25	28.9578	-0.8148	0.0000	0.0000	29.2290	 0.0194	 0.6251	0.4638	 0.7317	0.9097	 0.0807
2017-03-04	29.7638	-0.0088	0.0000	0.3708	29.4658	 0.2562	 0.0717	1.0000	 0.9049	0.8896	 0.0607
2017-03-11	29.4478	-0.3248	0.0000	0.0104	29.5004	 0.2909	 0.0000	1.0000	 0.8764	0.8833	 0.0544
2017-03-18	29.7680	-0.0046	0.0000	0.4564	29.7139	 0.5043	 0.0022	1.0000	 1.0077	0.9133	 0.0844
2017-03-25	29.3664	-0.4062	0.0000	0.0716	29.3687	 0.1591	 0.0022	0.7681	 0.5586	0.9402	 0.1112
2017-04-01	29.2296	-0.5430	0.0000	0.0108	29.4593	 0.2497	 0.0022	1.0000	 0.5438	0.9668	 0.1379
2017-04-08	29.5263	-0.2463	0.0000	0.0476	29.4896	 0.2800	 0.0022	1.0000	 0.4686	0.9089	 0.0801
2017-04-15	29.6753	-0.0973	0.0000	0.2152	29.8345	 0.6249	 0.0022	1.0000	 0.7077	0.9281	 0.0991
2017-04-22	30.0161	 0.2435	0.0000	0.9964	30.0526	 0.8430	 0.0955	1.0000	 0.9296	0.9306	 0.1017
2017-04-29	30.3753	 0.6027	0.0000	1.0000	30.3678	 1.1583	 0.8491	2.0000	 1.2483	0.9466	 0.1177
2017-05-06	29.8564	 0.0838	0.0000	0.7904	29.9009	 0.6913	 1.2236	1.0000	 0.7855	0.9382	 0.1093
2017-05-13	29.7285	-0.0441	0.0000	0.2744	29.8665	 0.6570	 1.4362	1.0145	 0.7548	0.9252	 0.0963
2017-05-20	29.6468	-0.1258	0.0000	0.0484	29.7357	 0.5261	 1.4510	1.0000	 0.7057	0.8887	 0.0598
2017-05-27	29.5445	-0.2281	0.0000	0.0028	29.8014	 0.5919	 1.4510	1.0000	 0.8849	0.9142	 0.0853
2017-06-03	29.1900	-0.5826	0.0000	0.0000	29.1726	-0.0370	 1.4510	0.2609	 0.3683	0.9349	 0.1059
2017-06-10	29.2802	-0.4924	0.0000	0.0000	29.3629	 0.1533	 1.4490	1.0000	 0.6720	0.9685	 0.1396
2017-06-17	29.0131	-0.7595	0.0000	0.0000	29.1097	-0.0999	 1.4490	0.4493	 0.5481	0.8897	 0.0607
2017-06-24	28.7351	-1.0375	0.0000	0.0000	28.4332	-0.7764	 1.4490	0.0000	 0.0391	0.8566	 0.0277
2017-07-01	28.4996	-1.2730	0.0000	0.0000	28.5183	-0.6913	 1.4490	0.0000	 0.2891	0.8352	 0.0063
2017-07-08	28.8653	-0.9073	0.0000	0.0000	28.5265	-0.6830	 1.4490	0.0000	 0.4668	0.8060	-0.0229
2017-07-15	28.1412	-1.6313	0.0000	0.0000	28.3158	-0.8938	 1.3551	0.0000	 0.4216	0.8394	 0.0105
2017-07-22	28.4239	-1.3487	0.0000	0.0000	28.4593	-0.7503	 0.6028	0.0000	 0.6532	0.8296	 0.0007
2017-07-29	28.5905	-1.1821	0.0000	0.0000	28.3364	-0.8732	 0.2278	0.0000	 0.6183	0.8184	-0.0106
2017-08-05	28.1550	-1.6176	0.0000	0.0000	28.0959	-1.1136	 0.0149	0.0000	 0.4664	0.8073	-0.0216
2017-08-12	27.9188	-1.8538	0.0000	0.0000	28.0981	-1.1114	 0.0000	0.0000	 0.5580	0.7834	-0.0455
2017-08-19	28.2439	-1.5287	0.0000	0.0000	28.1452	-1.0643	 0.0000	0.0000	 0.6374	0.7985	-0.0304
2017-08-26	28.1920	-1.5806	0.0000	0.0000	27.9970	-1.2126	 0.0000	0.0000	 0.4828	0.7948	-0.0342
2017-09-02	27.9408	-1.8318	0.0000	0.0000	27.9322	-1.2774	 0.0000	0.0000	 0.4097	0.8090	-0.0199
2017-09-09	28.0754	-1.6972	0.0000	0.0000	27.9345	-1.2751	 0.0000	0.0000	 0.4039	0.8047	-0.0242
2017-09-16	27.4404	-2.3322	0.0000	0.0000	28.1194	-1.0901	 0.0000	0.0000	 0.5619	0.8273	-0.0016
2017-09-23	28.0173	-1.7553	0.0000	0.0000	28.2784	-0.9312	 0.0000	0.0000	 0.5538	0.8414	 0.0125
2017-09-30	28.4269	-1.3457	0.0000	0.0000	28.7122	-0.4974	 0.0000	0.0000	 0.8238	0.8217	-0.0072
2017-10-07	28.9945	-0.7781	0.0000	0.0000	28.9535	-0.2561	 0.0000	0.0000	 0.8984	0.7754	-0.0536
2017-10-14	29.6005	-0.1721	0.0000	0.0680	29.1113	-0.0983	 0.0000	0.0435	 0.8901	0.8515	 0.0225
2017-10-21	29.2141	-0.5585	0.0000	0.0000	28.9509	-0.2587	 0.0000	0.0000	 0.5207	0.8897	 0.0608
2017-10-28	29.4233	-0.3493	0.0000	0.0000	29.6201	 0.4106	 0.0000	1.0000	 0.9713	0.9014	 0.0725
2017-11-04	30.0035	 0.2309	0.0000	0.9584	30.0087	 0.7991	 0.0000	1.0000	 1.1414	0.8863	 0.0573
2017-11-11	29.9420	 0.1694	0.0000	1.0000	29.9870	 0.7774	 0.1342	1.0145	 0.9022	0.9206	 0.0917
2017-11-18	29.6288	-0.1438	0.0000	0.3416	29.9888	 0.7793	 0.2506	1.0000	 0.8003	0.9339	 0.1050
2017-11-25	29.8488	 0.0762	0.0000	0.7052	30.0158	 0.8062	 0.3439	1.0580	 0.8736	0.9829	 0.1541
2017-12-02	29.5181	-0.2545	0.0000	0.1092	29.7499	 0.5403	 0.3778	1.0000	 0.6545	1.0305	 0.2016
2017-12-09	29.2435	-0.5291	0.0000	0.0184	29.2812	 0.0716	 0.3778	0.7536	 0.2326	1.0692	 0.2402
2017-12-16	29.6684	-0.1042	0.0000	0.2128	29.7588	 0.5493	 0.3778	1.0000	 0.7538	1.0130	 0.1841
2017-12-23	28.9231	-0.8495	0.0000	0.0000	29.3007	 0.0912	 0.3778	0.6522	 0.3228	0.9781	 0.1492
2017-12-30	28.7986	-0.9740	0.0000	0.0000	28.8104	-0.3991	 0.3778	0.0145	-0.1426	0.9603	 0.1314
2018-01-06	29.3166	-0.4560	0.0000	0.0000	29.4887	 0.2791	 0.3778	1.0000	 0.5623	0.9634	 0.1345
2018-01-13	28.6469	-1.1257	0.0000	0.0000	28.9800	-0.2296	 0.3778	0.0290	 0.0783	0.9756	 0.1467
2018-01-20	28.3845	-1.3881	0.0000	0.0000	28.3809	-0.8287	 0.3778	0.0000	-0.4343	1.0328	 0.2040
2018-01-27	28.5473	-1.2253	0.0000	0.0000	28.4784	-0.7312	 0.3778	0.0000	-0.2268	1.0084	 0.1795
2018-02-03	28.4283	-1.3443	0.0000	0.0000	28.3820	-0.8275	 0.2435	0.0000	-0.2132	0.9900	 0.1610
2018-02-10	28.6791	-1.0935	0.0000	0.0000	28.4193	-0.7903	 0.1277	0.0000	-0.0659	0.9115	 0.0826
2018-02-17	28.4969	-1.2757	0.0000	0.0000	28.3662	-0.8433	 0.0341	0.0000	-0.0583	0.9118	 0.0829
2018-02-24	28.6978	-1.0748	0.0000	0.0000	28.6255	-0.5841	 0.0000	0.0000	 0.1377	0.8691	 0.0401
2018-03-03	29.0428	-0.7298	0.0000	0.0000	29.1803	-0.0293	 0.0000	0.4058	 0.6291	0.8860	 0.0571
2018-03-10	29.4108	-0.3618	0.0000	0.0820	29.3854	 0.1758	 0.0000	1.0000	 0.7703	0.8533	 0.0245
2018-03-17	29.1216	-0.6510	0.0000	0.0000	29.1538	-0.0558	 0.0000	0.3043	 0.4636	0.8460	 0.0171
2018-03-24	29.5164	-0.2561	0.0000	0.1400	29.6426	 0.4330	 0.0000	1.0000	 0.8467	0.8960	 0.0671
2018-03-31	30.1216	 0.3490	0.0000	0.9972	29.5341	 0.3245	 0.0000	1.0000	 0.6326	0.8862	 0.0574
2018-04-07	30.1467	 0.3741	0.0000	1.0000	30.2159	 1.0064	 0.2346	1.6232	 1.2087	0.9320	 0.1031
2018-04-14	30.2385	 0.4659	0.0000	1.0000	30.4139	 1.2043	 0.6890	1.6957	 1.3032	0.8809	 0.0520
2018-04-21	30.6775	 0.9049	0.1592	1.1480	30.8593	 1.6497	 1.9680	2.0000	 1.7357	0.8741	 0.0452
2018-04-28	29.9561	 0.1835	0.1592	0.7612	30.0280	 0.8184	 2.3659	1.0290	 0.9081	0.9030	 0.0741
2018-05-05	29.8251	 0.0525	0.1592	0.6996	30.0600	 0.8504	 2.3914	1.1449	 0.9436	0.9346	 0.1057
2018-05-12	29.9162	 0.1436	0.1592	0.8860	29.5226	 0.3130	 2.3914	1.0000	 0.4100	0.9355	 0.1066
2018-05-19	29.6085	-0.1641	0.1592	0.1908	29.4859	 0.2764	 2.3914	1.0000	 0.4387	0.9452	 0.1163
2018-05-26	28.3575	-1.4151	0.1592	0.0000	29.2142	 0.0046	 2.3914	0.4493	 0.2804	0.9074	 0.0784
2018-06-02	29.5833	-0.1893	0.1592	0.0860	29.2312	 0.0216	 2.3914	0.5507	 0.4109	0.8852	 0.0563
2018-06-09	29.3590	-0.4136	0.1592	0.0000	29.3026	 0.0930	 2.3914	0.6667	 0.5967	0.8810	 0.0520
2018-06-16	29.2733	-0.4993	0.1592	0.0000	28.9971	-0.2125	 2.3914	0.0000	 0.4088	0.9073	 0.0784
2018-06-23	28.4630	-1.3096	0.1592	0.0000	28.7928	-0.4168	 2.3914	0.0000	 0.3741	0.8612	 0.0323
2018-06-30	28.7577	-1.0149	0.1592	0.0000	28.5035	-0.7061	 2.1577	0.0000	 0.2526	0.8591	 0.0302
2018-07-07	28.3913	-1.3813	0.1592	0.0000	28.3243	-0.8852	 1.7028	0.0000	 0.2391	0.8521	 0.0232
2018-07-14	27.8072	-1.9654	0.0000	0.0000	27.8509	-1.3587	 0.4239	0.0000	-0.0636	0.7951	-0.0338
2018-07-21	27.7887	-1.9839	0.0000	0.0000	27.9933	-1.2162	 0.0251	0.0000	 0.1748	0.8142	-0.0147
2018-07-28	28.0153	-1.7573	0.0000	0.0000	27.8886	-1.3210	 0.0000	0.0000	 0.1581	0.8460	 0.0171
2018-08-04	27.6929	-2.0797	0.0000	0.0000	27.7338	-1.4758	 0.0000	0.0000	 0.0922	0.8324	 0.0035
2018-08-11	27.7213	-2.0513	0.0000	0.0000	27.8286	-1.3810	 0.0000	0.0000	 0.2746	0.7922	-0.0367
2018-08-18	27.7185	-2.0541	0.0000	0.0000	27.6929	-1.5167	 0.0000	0.0000	 0.1861	0.8144	-0.0145
2018-08-25	27.6962	-2.0764	0.0000	0.0000	27.5754	-1.6342	 0.0000	0.0000	 0.0612	0.7923	-0.0366
2018-09-01	27.7821	-1.9905	0.0000	0.0000	27.8139	-1.3957	 0.0000	0.0000	 0.2923	0.8105	-0.0184
2018-09-08	27.9835	-1.7891	0.0000	0.0000	27.7586	-1.4510	 0.0000	0.0000	 0.2300	0.7964	-0.0326
2018-09-15	27.8393	-1.9333	0.0000	0.0000	27.6414	-1.5681	 0.0000	0.0000	 0.1045	0.7994	-0.0296
2018-09-22	28.2206	-1.5519	0.0000	0.0000	28.0684	-1.1412	 0.0000	0.0000	 0.3675	0.7897	-0.0392
2018-09-29	28.1605	-1.6121	0.0000	0.0000	28.2323	-0.9772	 0.0000	0.0000	 0.3655	0.8096	-0.0194
2018-10-06	28.2781	-1.4945	0.0000	0.0000	28.4320	-0.7775	 0.0000	0.0000	 0.4017	0.8038	-0.0252
2018-10-13	28.7568	-1.0158	0.0000	0.0000	28.7723	-0.4372	 0.0000	0.0000	 0.5767	0.7840	-0.0449
2018-10-20	28.7443	-1.0283	0.0000	0.0000	28.5580	-0.6516	 0.0000	0.0000	 0.1601	0.8209	-0.0081
2018-10-27	28.6878	-1.0848	0.0000	0.0000	28.7486	-0.4610	 0.0000	0.0000	 0.1307	0.8171	-0.0118
2018-11-03	29.1252	-0.6474	0.0000	0.0000	29.0946	-0.1149	 0.0000	0.0145	 0.2601	0.8044	-0.0245
2018-11-10	28.8199	-0.9526	0.0000	0.0000	29.3855	 0.1759	 0.0000	1.0000	 0.3310	0.8380	 0.0090
2018-11-17	29.8668	 0.0942	0.0000	0.7896	29.7523	 0.5428	 0.0475	1.0000	 0.5567	0.8861	 0.0572
2018-11-24	29.7980	 0.0255	0.0000	0.6280	29.7939	 0.5843	 0.0581	1.0000	 0.6451	0.9261	 0.0971
2018-12-01	29.9599	 0.1873	0.0000	0.9680	29.7012	 0.4916	 0.0686	1.0000	 0.5991	0.8910	 0.0621
2018-12-08	30.1135	 0.3409	0.0000	1.0000	29.9333	 0.7238	 0.0686	1.0000	 0.8778	0.8579	 0.0290
2018-12-15	29.1450	-0.6276	0.0000	0.0000	29.7430	 0.5335	 0.0686	1.0000	 0.7351	0.8509	 0.0220
2018-12-22	28.6254	-1.1471	0.0000	0.0000	29.6775	 0.4680	 0.0686	1.0000	 0.6959	0.8911	 0.0623
2018-12-29	28.9292	-0.8434	0.0000	0.0000	29.5019	 0.2923	 0.0686	1.0000	 0.5465	0.9212	 0.0923
2019-01-05	28.4969	-1.2757	0.0000	0.0000	29.0870	-0.1226	 0.0686	0.0435	 0.1561	0.8829	 0.0539
2019-01-12	29.0045	-0.7681	0.0000	0.0000	29.2971	 0.0875	 0.0686	0.8406	 0.3907	0.8900	 0.0611
2019-01-19	28.5376	-1.2350	0.0000	0.0000	29.2335	 0.0239	 0.0686	0.5942	 0.4026	0.8479	 0.0190
2019-01-26	28.1973	-1.5753	0.0000	0.0000	29.1325	-0.0771	 0.0686	0.2609	 0.4116	0.8608	 0.0319
2019-02-02	28.3039	-1.4687	0.0000	0.0000	28.4101	-0.7994	 0.0686	0.0000	-0.2009	0.8875	 0.0586
2019-02-09	29.3001	-0.4725	0.0000	0.0612	28.7171	-0.4925	 0.0207	0.0000	 0.2162	0.8674	 0.0385
2019-02-16	29.3466	-0.4260	0.0000	0.0544	29.4071	 0.1975	 0.0104	0.8116	 0.9920	0.8330	 0.0041
2019-02-23	29.8427	 0.0701	0.0000	0.6552	29.7851	 0.5755	 0.0000	1.0000	 1.3054	0.8585	 0.0296
2019-03-02	29.9724	 0.1998	0.0000	0.9976	29.8396	 0.6300	 0.0000	1.0000	 1.2968	0.8512	 0.0222
2019-03-09	29.9164	 0.1438	0.0000	0.9648	29.6210	 0.4114	 0.0022	1.0000	 1.0149	0.8730	 0.0441
2019-03-16	29.7770	 0.0044	0.0000	0.5216	29.5781	 0.3686	 0.0022	1.0000	 0.9016	0.9165	 0.0876
2019-03-23	28.6872	-1.0854	0.0000	0.0000	29.4867	 0.2771	 0.0022	1.0000	 0.7067	0.9078	 0.0789
2019-03-30	29.4717	-0.3008	0.0000	0.0360	29.7532	 0.5436	 0.0022	1.0000	 0.8674	0.8854	 0.0565
2019-04-06	29.9055	 0.1329	0.0000	0.7492	30.3955	 0.6880	 0.0390	1.6812	 1.4042	0.8562	 0.0273
2019-04-13	29.7578	-0.0148	0.0000	0.4268	30.5562	 0.9723	 0.4788	1.8986	 1.4591	0.8689	 0.0400
2019-04-20	30.1729	 0.4003	0.0000	0.9976	30.3110	 1.1014	 1.3920	1.9420	 1.1877	0.8931	 0.0641
2019-04-27	30.2484	 0.4758	0.0000	0.9984	30.0333	 0.8238	 1.6809	1.0000	 0.9129	0.8911	 0.0622
2019-05-04	29.6141	-0.1585	0.0000	0.0360	29.9955	 0.7859	 1.6939	1.0000	 0.8787	0.9137	 0.0849
2019-05-11	30.0836	 0.3110	0.0000	0.9604	29.5790	 0.3694	 1.7236	1.0000	 0.4652	0.9061	 0.0772
2019-05-18	29.7435	-0.0291	0.0000	0.5388	29.5258	 0.3162	 1.7236	1.0000	 0.4642	0.8954	 0.0665
2019-05-25	29.5499	-0.2227	0.0000	0.0868	29.4780	 0.2684	 1.7236	1.0000	 0.5272	0.8704	 0.0415
2019-06-01	29.3870	-0.3856	0.0000	0.0000	29.2413	 0.0317	 1.7213	0.5507	 0.4048	0.8674	 0.0385
2019-06-08	28.9803	-0.7923	0.0000	0.0000	29.0228	-0.1868	 1.7213	0.0000	 0.2994	0.8558	 0.0269
2019-06-15	29.1568	-0.6158	0.0000	0.0000	28.6548	-0.5548	 1.7213	0.0000	 0.0451	0.8359	 0.0070
2019-06-22	28.4116	-1.3610	0.0000	0.0000	28.2077	-1.0019	 1.7213	0.0000	-0.2359	0.8210	-0.0079
2019-06-29	28.3346	-1.4380	0.0000	0.0000	28.2136	-0.9959	 1.6842	0.0000	-0.0612	0.8599	 0.0310
2019-07-06	28.1838	-1.5888	0.0000	0.0000	28.1142	-1.0954	 1.2484	0.0000	 0.0055	0.8382	 0.0093
2019-07-13	28.0465	-1.7261	0.0000	0.0000	27.9065	-1.3030	 0.3372	0.0000	-0.0358	0.7996	-0.0293
2019-07-20	27.8027	-1.9698	0.0000	0.0000	27.7339	-1.4757	 0.0529	0.0000	-0.0974	0.7906	-0.0383
2019-07-27	27.3343	-2.4383	0.0000	0.0000	27.7028	-1.5068	 0.0296	0.0000	-0.0400	0.7687	-0.0602
2019-08-03	27.4111	-2.3615	0.0000	0.0000	27.3990	-1.8106	 0.0000	0.0000	-0.2555	0.7683	-0.0606
2019-08-10	27.2556	-2.5170	0.0000	0.0000	27.1023	-2.1072	 0.0000	0.0000	-0.4636	0.7937	-0.0352
2019-08-17	27.2723	-2.5003	0.0000	0.0000	27.4783	-1.7313	 0.0000	0.0000	-0.0257	0.7781	-0.0507
2019-08-24	27.3385	-2.4341	0.0000	0.0000	27.3822	-1.8274	 0.0000	0.0000	-0.1306	0.7391	-0.0898
2019-08-31	27.3338	-2.4388	0.0000	0.0000	27.4080	-1.8016	 0.0000	0.0000	-0.1136	0.7570	-0.0719
2019-09-07	27.4421	-2.3305	0.0000	0.0000	27.3123	-1.8972	 0.0000	0.0000	-0.2149	0.7312	-0.0977
2019-09-14	27.4048	-2.3678	0.0000	0.0000	27.0983	-2.1113	 0.0000	0.0000	-0.4387	0.7370	-0.0919
2019-09-21	27.2435	-2.5291	0.0000	0.0000	27.2722	-1.9374	 0.0000	0.0000	-0.4064	0.7436	-0.0854
2019-09-28	27.5095	-2.2631	0.0000	0.0000	27.7013	-1.5083	 0.0000	0.0000	-0.1423	0.7275	-0.1013
2019-10-05	27.4770	-2.2956	0.0000	0.0000	27.6848	-1.5248	 0.0000	0.0000	-0.3233	0.7519	-0.0770
2019-10-12	28.0388	-1.7338	0.0000	0.0000	27.8807	-1.3288	 0.0000	0.0000	-0.2912	0.7611	-0.0678
2019-10-19	28.4410	-1.3316	0.0000	0.0000	28.4004	-0.8091	 0.0000	0.0000	 0.0329	0.7704	-0.0586
2019-10-26	28.3842	-1.3884	0.0000	0.0000	28.6035	-0.6061	 0.0000	0.0000	 0.0184	0.7537	-0.0752
2019-11-02	28.8079	-0.9647	0.0000	0.0000	28.8594	-0.3501	 0.0000	0.0000	 0.0559	0.7446	-0.0843
2019-11-09	29.1125	-0.6601	0.0000	0.0000	28.8655	-0.3441	 0.0000	0.0000	-0.1567	0.7521	-0.0768
2019-11-16	29.3821	-0.3905	0.0000	0.0396	29.4774	 0.2678	 0.0000	1.0000	 0.2755	0.7756	-0.0533
2019-11-23	29.7989	 0.0263	0.0000	0.6384	29.6709	 0.4613	 0.0000	1.0000	 0.5148	0.7883	-0.0406
2019-11-30	29.1975	-0.5751	0.0000	0.0000	30.0036	 0.7941	 0.0283	1.1739	 0.8965	0.7875	-0.0415
2019-12-07	29.5713	-0.2013	0.0000	0.1960	30.2161	 1.0065	 0.2349	1.5507	 1.1546	0.8028	-0.0262
2019-12-14	30.1042	 0.3316	0.0000	0.9756	30.3774	 1.1678	 1.4077	2.0000	 1.3620	0.8051	-0.0239
2019-12-21	30.1571	 0.3845	0.0000	1.0000	30.3493	 1.1397	 2.5501	1.9420	 1.3632	0.8359	 0.0069
2019-12-28	30.6849	 0.9123	0.1624	1.1600	30.4180	 1.2084	 3.3281	1.9565	 1.4581	0.8238	-0.0051
2020-01-04	29.7963	 0.0237	0.1624	0.5004	29.7594	 0.5499	 3.6390	1.0000	 0.8257	0.8783	 0.0261
2020-01-11	29.1836	-0.5890	0.1624	0.0000	29.5364	 0.3268	 3.6390	1.0000	 0.6288	0.9043	 0.0521
2020-01-18	29.4909	-0.2817	0.1624	0.0036	29.5186	 0.3090	 3.6390	1.0000	 0.6722	0.8626	 0.0104
2020-01-25	29.6452	-0.1274	0.1624	0.1156	29.9699	 0.7603	 3.6390	1.0000	 1.2332	0.8972	 0.0449
2020-02-01	30.0966	 0.3240	0.1624	1.0000	29.9481	 0.7386	 4.1568	1.0290	 1.3216	0.9041	 0.0518
2020-02-08	29.9215	 0.1489	0.1624	0.8412	29.8457	 0.6361	 4.2132	1.2899	 1.3288	0.9143	 0.0620
2020-02-15	29.4321	-0.3405	0.1624	0.0764	29.8977	 0.6881	 4.2154	1.0290	 1.4909	0.8921	 0.0399
2020-02-22	29.5835	-0.1891	0.1624	0.1880	29.4112	 0.2016	 4.1894	1.0000	 0.9433	0.8679	 0.0157
2020-02-29	29.5295	-0.2431	0.1624	0.2016	29.3288	 0.1193	 3.9820	0.5362	 0.8001	0.8778	 0.0256
2020-03-07	29.0919	-0.6807	0.1624	0.0000	29.2910	 0.0814	 2.8101	0.9855	 0.7003	0.8945	 0.0422
2020-03-14	29.3377	-0.4349	0.1624	0.0068	29.5703	 0.3607	 1.6677	1.0000	 0.9180	0.9028	 0.0505
2020-03-21	29.6467	-0.1259	0.0000	0.1680	30.0926	 0.8830	 0.9048	1.0290	 1.3422	0.9236	 0.0714
2020-03-28	30.1381	 0.3655	0.0000	1.0000	30.1397	 0.9301	 0.8116	1.4928	 1.2841	0.9207	 0.0684
2020-04-04	30.4400	 0.6674	0.0000	1.0000	30.3233	 1.1138	 1.8920	1.9855	 1.3620	0.9180	 0.0657
2020-04-11	29.9667	 0.1941	0.0000	0.9884	30.2572	 1.0477	 2.5706	1.6522	 1.1904	0.9826	 0.1303
2020-04-18	30.0528	 0.2802	0.0000	0.9992	30.3226	 1.1130	 3.5042	2.0870	 1.1977	0.9790	 0.1268
2020-04-25	30.3004	 0.5278	0.0000	1.0000	30.5730	 1.3635	 4.3596	2.5942	 1.4514	0.9413	 0.0891
2020-05-02	30.6788	 0.9062	0.3344	1.3120	30.1649	 0.9554	 5.3728	1.1594	 1.0468	0.9390	 0.0868
2020-05-09	29.8176	 0.0450	0.3344	0.6608	30.1784	 0.9688	 5.7812	1.9130	 1.0641	0.9756	 0.1234
2020-05-16	29.8972	 0.1246	0.3344	0.8304	29.8636	 0.6541	 6.0391	1.0000	 0.7720	0.9978	 0.1455
2020-05-23	29.8525	 0.0799	0.3344	0.7768	29.8990	 0.6894	 6.0477	1.0000	 0.9172	1.0423	 0.1901
2020-05-30	29.8749	 0.1023	0.3344	0.6196	29.8199	 0.6103	 6.0938	1.0000	 0.9517	1.1452	 0.2930
2020-06-06	29.3757	-0.3968	0.3344	0.0260	29.3987	 0.1891	 6.0938	0.7246	 0.6426	1.1007	 0.2484
2020-06-13	28.8373	-0.9353	0.3344	0.0000	28.9990	-0.2106	 6.0786	0.0145	 0.3591	1.0643	 0.2120
2020-06-20	29.0767	-0.6959	0.3344	0.0000	28.9954	-0.2142	 5.8613	0.0000	 0.5049	0.9500	 0.0977
2020-06-27	28.7817	-0.9909	0.3344	0.0000	28.7586	-0.4510	 4.7812	0.0000	 0.4358	0.9355	 0.0833
2020-07-04	28.9959	-0.7766	0.3344	0.0000	28.7212	-0.4884	 4.1022	0.0000	 0.5657	0.9283	 0.0760
2020-07-11	28.7430	-1.0296	0.3344	0.0000	28.6777	-0.5319	 3.1681	0.0000	 0.6877	0.9411	 0.0888
2020-07-18	28.3109	-1.4617	0.3344	0.0000	28.6774	-0.5322	 1.7955	0.0000	 0.8203	0.9175	 0.0652
2020-07-25	28.0564	-1.7162	0.0000	0.0000	28.2254	-0.9842	 0.7257	0.0000	 0.4577	0.8826	 0.0303
2020-08-01	27.6427	-2.1299	0.0000	0.0000	28.2890	-0.9206	 0.3152	0.0000	 0.6099	0.8406	-0.0117
2020-08-08	27.7509	-2.0217	0.0000	0.0000	28.0007	-1.2088	 0.0548	0.0000	 0.4096	0.8470	-0.0052
2020-08-15	28.4061	-1.3665	0.0000	0.0000	28.3913	-0.8183	 0.0461	0.0000	 0.8883	0.8842	 0.0320
2020-08-22	28.0261	-1.7465	0.0000	0.0000	28.5212	-0.6884	 0.0000	0.0000	 1.0097	0.8865	 0.0343
2020-08-29	27.6385	-2.1341	0.0000	0.0000	28.3399	-0.8697	 0.0000	0.0000	 0.8214	0.9097	 0.0575
2020-09-05	28.1959	-1.5767	0.0000	0.0000	28.6112	-0.5984	 0.0000	0.0000	 1.0854	0.8640	 0.0118
2020-09-12	28.4842	-1.2884	0.0000	0.0000	28.5122	-0.6974	 0.0000	0.0000	 0.9790	0.8792	 0.0270
2020-09-19	28.1983	-1.5743	0.0000	0.0000	28.7713	-0.4383	-0.4383	0.0000	 1.1393	0.8938	 0.0416
2020-09-26	28.8220	-0.9506	0.0000	0.0000	28.9983	-0.2113	 0.0000	0.0000	 1.2032	0.8770	 0.0248
2020-10-03	28.9439	-0.8287	0.0000	0.0000	29.0161	-0.1935	 0.0000	0.0145	 1.0559	0.8415	-0.0107
2020-10-10	28.6551	-1.1175	0.0000	0.0000	28.7529	-0.4567	 0.0000	0.0000	 0.6284	0.8467	-0.0056
2020-10-17	28.4776	-1.2950	0.0000	0.0000	29.1539	-0.0557	 0.0000	0.1594	 0.8504	0.8756	 0.0233
2020-10-24	29.3835	-0.3891	0.0000	0.0000	29.3743	 0.1648	 0.0000	0.7826	 0.8503	0.9178	 0.0656
2020-10-31	29.4850	-0.2876	0.0000	0.0000	29.8910	 0.6814	 0.0000	1.0000	 1.1481	0.9470	 0.0948
2020-11-07	29.4689	-0.3037	0.0000	0.0000	29.8157	 0.6061	 0.0000	1.0000	 0.8571	1.0118	 0.1595
2020-11-14	29.7684	-0.0042	0.0000	0.4856	29.9638	 0.7542	 0.0381	1.0145	 0.7843	0.9954	 0.1431
2020-11-21	30.0338	 0.2612	0.0000	1.0000	29.9749	 0.7654	 0.1475	1.0000	 0.8059	0.9535	 0.1013
2020-11-28	29.9937	 0.2211	0.0000	1.0000	30.0177	 0.8081	 0.1475	1.0000	 0.8958	0.9493	 0.0970
2020-12-05	29.8915	 0.1189	0.0000	0.9484	29.4075	 0.1980	 0.1475	1.0000	 0.3322	1.0370	 0.1848
2020-12-12	29.8868	 0.1142	0.0000	0.8204	29.4803	 0.2707	 0.1475	0.8986	 0.4517	1.0030	 0.1507
2020-12-19	29.3584	-0.4142	0.0000	0.0000	29.3467	 0.1371	 0.1475	0.6667	 0.3526	1.0161	 0.1639
2020-12-26	29.2754	-0.4972	0.0000	0.0000	29.2448	 0.0352	 0.1475	0.6667	 0.2770	1.0322	 0.1799
2021-01-02	29.6102	-0.1624	0.0000	0.0916	29.2333	 0.0238	 0.1475	0.5652	 0.2916	1.0663	 0.2141
2021-01-09	28.9162	-0.8564	0.0000	0.0000	29.2380	 0.0284	 0.1475	0.6232	 0.3225	1.0457	 0.1935
2021-01-16	29.4391	-0.3335	0.0000	0.0060	29.2772	 0.0677	 0.1475	0.6812	 0.3999	1.0429	 0.1907
2021-01-23	28.2345	-1.5381	0.0000	0.0000	28.8730	-0.3365	 0.1475	0.0000	 0.1048	1.0417	 0.1895
2021-01-30	28.0856	-1.6870	0.0000	0.0000	28.8014	-0.4081	 0.1475	0.0000	 0.1433	1.0991	 0.2468
2021-02-06	28.2373	-1.5353	0.0000	0.0000	28.6814	-0.5281	 0.1090	0.0000	 0.1330	1.0878	 0.2355
2021-02-13	28.2301	-1.5425	0.0000	0.0000	28.3907	-0.8188	 0.0000	0.0000	-0.0472	1.0028	 0.1506
2021-02-20	29.1084	-0.6642	0.0000	0.0000	28.5180	-0.6916	 0.0000	0.0000	 0.0661	0.9422	 0.0899
2021-02-27	27.9511	-1.8215	0.0000	0.0000	28.6746	-0.5349	 0.0000	0.0000	 0.1586	0.9468	 0.0946
2021-03-06	28.2901	-1.4825	0.0000	0.0000	28.5380	-0.6716	 0.0000	0.0000	-0.0410	1.0101	 0.1579
2021-03-13	28.4261	-1.3465	0.0000	0.0000	28.6868	-0.5228	 0.0000	0.0000	 0.0445	0.9949	 0.1427
2021-03-20	29.2559	-0.5167	0.0000	0.0000	29.3286	 0.1190	 0.0000	0.6522	 0.5926	0.9783	 0.1260
2021-03-27	29.4046	-0.3680	0.0000	0.0000	29.7193	 0.5097	 0.0000	1.0000	 0.8775	0.9636	 0.1114
2021-04-03	29.3036	-0.4690	0.0000	0.0000	29.7214	 0.5119	 0.0000	1.0000	 0.7759	0.9581	 0.1058
2021-04-10	29.3765	-0.4045	0.0000	0.0460	29.1767	-0.0329	 0.0000	0.3913	 0.1254	1.0473	 0.1951
2021-04-17	29.5192	-0.2534	0.0000	0.0176	29.8175	 0.6080	 0.0000	1.0000	 0.6913	1.1314	 0.2792
2021-04-24	29.7565	-0.0161	0.0000	0.4984	29.4194	 0.2099	 0.0000	0.6377	 0.2972	1.0548	 0.2025
2021-05-01	29.3568	-0.4158	0.0000	0.0000	29.5390	 0.3294	 0.0000	1.0000	 0.4206	0.9921	 0.1399
2021-05-08	29.3703	-0.4023	0.0000	0.0000	29.7203	 0.5107	 0.0000	1.0000	 0.6054	0.9891	 0.1368
2021-05-15	29.6763	-0.0963	0.0000	0.0908	29.5558	 0.3462	 0.0000	1.0000	 0.4446	0.9580	 0.1057
2021-05-22	29.5008	-0.2718	0.0000	0.0248	29.4914	 0.2819	 0.0000	1.0000	 0.4939	0.9660	 0.1137
2021-05-29	29.6641	-0.1085	0.0000	0.2656	29.5638	 0.3542	 0.0000	1.0000	 0.6794	1.0087	 0.1565
2021-06-05	29.3420	-0.4306	0.0000	0.0000	29.6654	 0.4558	 0.0000	1.0000	 0.8952	1.0614	 0.2092
2021-06-12	29.7397	-0.0329	0.0000	0.4312	29.7245	 0.5149	 0.0000	1.0000	 1.0652	1.1084	 0.2561
2021-06-19	29.4657	-0.3069	0.0000	0.0000	29.5854	 0.3758	 0.0000	1.0000	 1.0714	1.0597	 0.2076
2021-06-26	29.0529	-0.7197	0.0000	0.0000	29.4675	 0.2580	 0.0000	1.0000	 1.1203	1.0197	 0.1675
2021-07-03	29.2023	-0.5703	0.0000	0.0000	29.1251	-0.0845	 0.0000	0.4203	 0.9439	1.0131	 0.1609
2021-07-10	28.8241	-0.9485	0.0000	0.0000	28.9929	-0.2167	 0.0000	0.0000	 0.9812	0.9741	 0.1218
2021-07-17	28.7654	-0.8228	0.0000	0.0000	28.7959	-0.4136	 0.0000	0.0000	 0.9281	1.0021	 0.1500
2021-07-24	28.7855	-0.9871	0.0000	0.0000	28.6114	-0.5981	 0.0000	0.0000	 0.8301	1.0045	 0.1522
2021-07-31	28.6024	-1.1702	0.0000	0.0000	28.5007	-0.7088	 0.0000	0.0000	 0.8093	0.9499	 0.0977
2021-08-07	28.2338	-1.5388	0.0000	0.0000	28.3891	-0.8204	 0.0000	0.0000	 0.7852	0.9207	 0.0684
2021-08-14	28.4052	-1.3674	0.0000	0.0000	28.5042	-0.7054	 0.0000	0.0000	 0.9909	0.9157	 0.0636
2021-08-21	28.1580	-1.6146	0.0000	0.0000	28.7186	-0.4910	 0.0000	0.0000	 1.2091	0.8878	 0.0356
2021-08-28	28.4415	-1.3311	0.0000	0.0000	28.6013	-0.6083	 0.0000	0.0000	 1.0838	0.9062	 0.0540
2021-09-04	28.5858	-1.1868	0.0000	0.0000	28.3948	-0.8148	 0.0000	0.0000	 0.8690	0.8929	 0.0407
2021-09-11	28.6404	-1.1322	0.0000	0.0000	28.4075	-0.8020	 0.0000	0.0000	 0.8754	0.8980	 0.0458
2021-09-18	28.5120	-1.2606	0.0000	0.0000	28.6874	-0.5222	 0.0000	0.0000	 1.0800	0.8759	 0.0237
2021-09-25	28.6112	-1.1614	0.0000	0.0000	28.7142	-0.4954	 0.0000	0.0000	 0.9426	0.8960	 0.0437
2021-10-02	28.7852	-0.9874	0.0000	0.0000	28.8462	-0.3633	 0.0000	0.0000	 0.9104	0.8720	 0.0198
2021-10-09	28.7227	-1.0499	0.0000	0.0000	28.9833	-0.2262	 0.0000	0.0000	 0.8822	0.9147	 0.0625
2021-10-16	29.0380	-0.7346	0.0000	0.0000	29.1406	-0.0690	 0.0000	0.2754	 0.8677	0.9275	 0.0752
2021-10-23	29.1688	-0.6038	0.0000	0.0000	29.3496	 0.1400	 0.0000	1.0000	 0.8558	0.9068	 0.0545
2021-10-30	29.1259	-0.6467	0.0000	0.0000	29.4243	 0.2148	 0.0000	1.0000	 0.7149	0.9580	 0.1057
2021-11-06	29.2248	-0.5478	0.0000	0.0000	29.7030	 0.4935	 0.0000	1.0000	 0.7748	1.0131	 0.1609
2021-11-13	29.8763	 0.1037	0.0000	0.8292	29.9290	 0.7194	 0.0065	1.0000	 0.7801	1.0682	 0.2160
2021-11-20	29.7766	 0.0040	   NaN	0.5352	29.7887	 0.5791	 0.0107	1.0000	 0.6132	1.0818	 0.2296
2021-11-27	29.3855	-0.3871	   NaN	0.0056	29.6920	 0.4825	 0.0107	1.0000	 0.5626	1.0395	 0.1873
2021-12-04	29.2486	-0.5240	   NaN	0.0000	29.2401	 0.0306	 0.0107	0.6522	 0.1577	1.0966	 0.2443
2021-12-11	29.5283	-0.2443	   NaN	0.0436	29.2970	 0.0874	 0.0107	0.6087	 0.2623	1.1458	 0.2935
2021-12-18	29.2017	-0.5709	   NaN	0.0000	29.6439	 0.4343	 0.0107	1.0000	 0.6487	1.0623	 0.2101
2021-12-18	29.2017	-0.5709	   NaN	0.0000	29.6439	 0.4343	 0.0107	1.0000	 0.6487	1.0623	 0.2101
2021-12-25	29.9688	 0.1962	   NaN	0.9192	29.6006	 0.3910	 0.0107	1.0000	 0.6299	1.0611	 0.2089
2022-01-01	29.4283	-0.3443	   NaN	0.0028	29.0809	-0.1287	 0.0107	0.3043	 0.1346	1.0369	 0.1847
2022-01-01	29.4283	-0.3443	   NaN	0.0028	29.0809	-0.1287	 0.0107	0.3043	 0.1346	1.0369	 0.1847
2022-01-08	29.5825	-0.1901	   NaN	0.0984	29.2936	 0.0841	 0.0107	0.8986	 0.3736	1.0689	 0.2166
2022-01-15	29.3165	-0.4561	   NaN	0.0000	29.1813	-0.0283	 0.0107	0.4493	 0.2877	0.9276	 0.0754
2022-01-22	28.6088	-1.1638	   NaN	0.0000	28.7574	-0.4522	 0.0107	0.0000	-0.0262	0.9124	 0.0602
2022-01-29	29.1428	-0.6298	   NaN	0.0000	28.9543	-0.2552	 0.0107	0.0145	 0.2804	1.0040	 0.1517
2022-02-05	28.7357	-1.0368	   NaN	0.0000	28.9684	-0.2412	 0.0043	0.0725	 0.4046	0.9733	 0.1211
2022-02-12	28.7558	-1.0168	   NaN	0.0000	28.4814	-0.7281	 0.0000	0.0000	 0.0274	0.9564	 0.1042
2022-02-19	28.4537	-1.3189	   NaN	0.0000	29.1062	-0.1033	 0.0000	0.1304	 0.6630	0.9865	 0.1342
2022-02-26	28.6885	-1.0841	   NaN	0.0000	28.8084	-0.4012	 0.0000	0.0145	 0.3023	1.0136	 0.1614
2022-03-05	29.0661	-0.7065	   NaN	0.0000	28.9404	-0.2691	 0.0000	0.0290	 0.3710	0.9956	 0.1433
2022-03-12	29.4924	-0.2802	   NaN	0.0084	29.6777	 0.4681	 0.0000	1.0000	 1.0446	1.0216	 0.1693
2022-03-26	29.8175	 0.0449	   NaN	0.6532	29.8388	 0.6293	 0.0965	1.0000	 1.0129	1.0256	 0.1734
2022-04-02	29.8276	 0.0550	   NaN	0.6224	29.7529	 0.5433	 0.0965	1.0000	 0.8213	1.0168	 0.1646
2022-04-16	30.0575	 0.2849	   NaN	1.0000	30.4764	 1.2668	 0.7457	1.9855	 1.3496	1.0171	 0.1649
2022-04-23	30.1192	 0.3466	   NaN	1.0000	30.1290	 0.9194	 1.1987	1.2319	 1.0062	1.0431	 0.1908
2022-04-30	30.2738	 0.5012	   NaN	0.9776	30.2738	 1.0642	 1.6359	1.8841	 1.1561	1.0758	 0.2236
2022-05-07	30.1414	 0.3688	   NaN	1.0000	30.3055	 1.0959	 2.1278	1.7971	 1.1903	1.0298	 0.1776
2022-05-14	29.3312	-0.4414	   NaN	0.0000	30.2778	 1.0683	 2.6667	1.9565	 1.1667	1.0538	 0.2016
2022-05-21	30.2260	 0.4534	   NaN	1.0000	30.1912	 0.9816	 3.4997	2.0000	 1.1762	1.1207	 0.2685
2022-05-28	29.9272	 0.1546	   NaN	0.9648	29.9448	 0.7352	 3.6630	1.0000	 1.0442	1.1238	 0.2716
2022-06-11	29.5638	-0.2088	   NaN	0.0088	29.9429	 0.7333	 3.6146	1.0000	 1.2693	1.0680	 0.2157
