tanggal	sst_mur	hs_mur	dhw_mur	ba_mur	sst_ct5km	hs_ct5km	dhw_ct5km	ba_ct5km	ssta_ct5km	adt	sla
2016-01-02	28.9190	-0.9361	0.0000	0.0000	28.7783	-0.5171	0.0000	0.0000	 0.4183	0.9087	-0.0185
2016-01-09	28.7714	-1.0838	0.0000	0.0000	28.6057	-0.6897	0.0000	0.0000	 0.3569	0.8978	-0.0294
2016-01-16	28.7970	-1.0581	0.0000	0.0000	28.3426	-0.9528	0.0000	0.0000	 0.1980	0.8572	-0.0700
2016-01-23	28.2661	-1.5890	0.0000	0.0000	28.0930	-1.2024	0.0000	0.0000	 0.0089	0.8709	-0.0562
2016-01-30	28.2024	-1.6527	0.0000	0.0000	27.8933	-1.4020	0.0000	0.0000	-0.1259	0.8709	-0.0562
2016-02-06	28.3849	-1.4703	0.0000	0.0000	28.2454	-1.0500	0.0000	0.0000	 0.2861	0.9116	-0.0156
2016-02-13	27.9506	-1.9045	0.0000	0.0000	27.7749	-1.5204	0.0000	0.0000	-0.1231	0.9042	-0.0230
2016-02-20	28.5810	-1.2741	0.0000	0.0000	28.4197	-0.8757	0.0000	0.0000	 0.5216	0.8729	-0.0543
2016-02-27	28.1433	-1.7118	0.0000	0.0000	28.4833	-0.8120	0.0000	0.0000	 0.5611	0.9279	 0.0008
2016-03-05	28.6242	-1.2309	0.0000	0.0000	28.7471	-0.5483	0.0000	0.0000	 0.8003	0.9174	-0.0098
2016-03-12	28.8168	-1.0383	0.0000	0.0000	28.4931	-0.8023	0.0000	0.0000	 0.5222	0.9071	-0.0200
2016-03-19	28.3535	-1.5016	0.0000	0.0000	28.5634	-0.7319	0.0000	0.0000	 0.4825	0.9049	-0.0222
2016-03-26	28.1194	-1.7358	0.0000	0.0000	28.3524	-0.9430	0.0000	0.0000	 0.0955	0.9020	-0.0252
2016-04-02	28.6507	-1.2045	0.0000	0.0000	28.7085	-0.5869	0.0000	0.0000	 0.2765	0.9152	-0.0119
2016-04-09	28.6267	-1.2284	0.0000	0.0000	28.3404	-0.9549	0.0000	0.0000	-0.2680	0.8970	-0.0302
2016-04-16	28.7993	-1.0558	0.0000	0.0000	28.9833	-0.3120	0.0000	0.0000	 0.2055	0.8700	-0.0571
2016-04-23	29.1232	-0.7320	0.0000	0.0000	29.1024	-0.1930	0.0000	0.0215	 0.2015	0.9080	-0.0192
2016-04-30	29.3682	-0.4869	0.0000	0.0000	29.7911	 0.4957	0.0000	1.0000	 0.7652	0.8975	-0.0297
2016-05-07	29.3723	-0.4829	0.0000	0.0000	29.1567	-0.1387	0.0000	0.0430	 0.0040	0.8951	-0.0321
2016-05-14	29.4540	-0.4011	0.0000	0.0000	29.1170	-0.1784	0.0000	0.0000	-0.1585	0.9228	-0.0044
2016-05-21	29.8280	-0.0271	0.0000	0.3450	30.1318	 0.8365	0.0000	1.0000	 0.8390	0.9276	 0.0004
2016-05-28	30.7481	 0.8930	0.2086	1.2254	30.1126	 0.8172	0.5765	1.0323	 0.8228	0.9635	 0.0363
2016-06-04	30.1117	 0.2566	0.2086	1.0000	29.8829	 0.5875	0.6163	1.0000	 0.5981	1.0000	 0.0728
2016-06-11	30.5529	 0.6978	0.2086	1.0000	30.2834	 0.9881	0.8606	1.5161	 1.0013	1.0061	 0.0790
2016-06-18	30.6174	 0.7623	0.2297	1.0235	30.2452	 0.9498	1.2703	1.4946	 0.9977	1.0097	 0.0826
2016-06-25	30.4850	 0.6299	0.2297	1.0000	29.5231	 0.2277	1.2703	1.0000	 0.3549	1.0424	 0.1153
2016-07-02	30.2797	 0.4246	0.2297	1.0000	29.6817	 0.3863	1.2703	1.0000	 0.5929	1.0186	 0.0915
2016-07-09	30.2383	 0.3832	0.2297	1.0000	29.7528	 0.4574	1.2703	1.0000	 0.7424	1.0042	 0.0770
2016-07-16	30.3352	 0.4801	0.2297	1.0000	30.1947	 0.8994	1.4004	1.4409	 1.2522	1.0031	 0.0759
2016-07-23	30.3265	 0.4713	0.2297	1.0000	29.7580	 0.4626	1.4791	1.0000	 0.8296	0.9900	 0.0628
2016-07-30	30.1460	 0.2909	0.2297	1.0000	29.2798	-0.0156	1.4791	0.4194	 0.3608	0.9796	 0.0525
2016-08-06	29.8357	-0.0194	0.2297	0.4903	29.4077	 0.1124	1.4791	0.6882	 0.5027	0.9873	 0.0601
2016-08-13	29.9953	 0.1402	0.2297	0.9928	29.7422	 0.4468	1.4791	1.0000	 0.8498	0.9943	 0.0672
2016-08-20	29.7070	-0.1482	0.0211	0.0258	29.3818	 0.0865	0.9024	0.7634	 0.4731	0.9799	 0.0528
2016-08-27	30.2551	 0.4000	0.0211	1.0000	29.9794	 0.6840	0.8848	1.0000	 1.0449	0.9514	 0.0242
2016-09-03	29.9623	 0.1072	0.0211	0.8778	29.7853	 0.4899	0.6412	1.0000	 0.8242	0.9650	 0.0378
2016-09-10	29.8770	 0.0219	0.0000	0.5342	29.8204	 0.5251	0.2306	1.0000	 0.8337	0.9689	 0.0417
2016-09-17	29.9829	 0.1278	0.0000	0.9878	30.2272	 0.9318	0.2714	1.2688	 1.2018	0.9707	 0.0436
2016-09-24	30.2628	 0.4076	0.0000	1.0000	29.8158	 0.5204	0.2714	1.0000	 0.7303	0.9910	 0.0638
2016-10-01	30.3420	 0.4869	0.0000	1.0000	30.0073	 0.7119	0.2714	1.0000	 0.8591	1.0058	 0.0786
2016-10-08	30.7503	 0.8951	0.0792	1.0878	29.8897	 0.5943	0.1411	1.0000	 0.6794	1.0113	 0.0842
2016-10-15	30.2488	 0.3937	0.0792	1.0000	29.7144	 0.4190	0.0630	1.0000	 0.4405	1.0160	 0.0888
2016-10-22	30.2500	 0.3949	0.0792	1.0000	29.5905	 0.2952	0.2263	1.0000	 0.3643	1.0201	 0.0929
2016-10-29	30.4227	 0.5676	0.0792	1.0000	29.6038	 0.3084	0.2263	1.0000	 0.4254	1.0306	 0.1034
2016-11-05	30.2502	 0.3951	0.0792	1.0000	29.4165	 0.1211	0.2263	0.9140	 0.2857	1.0554	 0.1282
2016-11-12	29.5455	-0.3096	0.0792	0.0000	29.7349	 0.4396	0.2263	1.0000	 0.6515	1.0595	 0.1323
2016-11-19	29.8128	-0.0424	0.0792	0.3957	30.0002	 0.7048	0.2071	1.0215	 0.9917	1.0275	 0.1003
2016-11-26	30.0540	 0.1989	0.0792	0.8642	29.8351	 0.5397	0.2071	1.0000	 0.9265	1.0178	 0.0907
2016-12-03	29.8145	-0.0406	0.0792	0.3726	29.9730	 0.6776	0.2071	1.0000	 1.1614	1.0399	 0.1127
2016-12-10	29.7219	-0.1333	0.0792	0.2626	29.7620	 0.4667	0.1665	1.0000	 1.0472	1.0835	 0.1563
2016-12-17	29.8342	-0.0209	0.0792	0.3703	29.6647	 0.3694	0.1665	1.0000	 1.0510	1.0830	 0.1559
2016-12-24	29.9291	 0.0740	0.0792	0.7193	29.6543	 0.3589	0.1665	1.0000	 1.1526	1.1069	 0.1797
2016-12-31	29.7271	-0.1280	0.0000	0.1562	29.5942	 0.2988	0.1665	1.0000	 1.2024	1.0895	 0.1624
2017-01-07	28.6180	-1.2371	0.0000	0.0000	29.2788	-0.0166	0.1665	0.3763	 0.9981	1.0669	 0.1397
2017-01-14	29.5493	-0.3059	0.0000	0.1471	29.1752	-0.1202	0.0032	0.0645	 1.0033	1.0642	 0.1370
2017-01-21	29.6403	-0.2148	0.0000	0.0014	29.2188	-0.0766	0.0032	0.1505	 1.1176	1.0523	 0.1252
2017-01-28	29.0413	-0.8139	0.0000	0.0000	29.0083	-0.2871	0.0032	0.0000	 0.9697	1.0358	 0.1086
2017-02-04	29.5672	-0.2880	0.0000	0.0014	29.2249	-0.0704	0.0032	0.0860	 1.2473	1.0813	 0.1541
2017-02-11	29.2858	-0.5694	0.0000	0.0000	29.0587	-0.2367	0.0000	0.0000	 1.1441	1.0777	 0.1505
2017-02-18	29.0313	-0.8238	0.0000	0.0000	29.0165	-0.2789	0.0000	0.0000	 1.1275	1.0615	 0.1343
2017-02-25	28.9935	-0.8616	0.0000	0.0000	28.9728	-0.3226	0.0000	0.0000	 1.0565	1.0293	 0.1022
2017-03-04	29.3400	-0.5151	0.0000	0.0000	28.9642	-0.3312	0.0000	0.0000	 1.0237	1.0114	 0.0842
2017-03-11	29.2534	-0.6017	0.0000	0.0000	29.1068	-0.1886	0.0000	0.0000	 1.1400	1.0084	 0.0812
2017-03-18	29.5393	-0.3158	0.0000	0.0000	28.8527	-0.4427	0.0000	0.0000	 0.7958	1.0065	 0.0793
2017-03-25	29.0495	-0.8057	0.0000	0.0000	28.8029	-0.4925	0.0000	0.0000	 0.5715	1.0103	 0.0832
2017-04-01	29.4095	-0.4456	0.0000	0.0000	29.0884	-0.2070	0.0000	0.0000	 0.6811	1.0250	 0.0978
2017-04-08	29.3851	-0.4700	0.0000	0.0000	28.9723	-0.3231	0.0000	0.0000	 0.3898	0.9959	 0.0687
2017-04-15	28.9013	-0.9538	0.0000	0.0000	28.7824	-0.5130	0.0000	0.0000	 0.0240	0.9988	 0.0717
2017-04-22	29.1741	-0.6810	0.0000	0.0000	29.6334	 0.3381	0.0000	1.0000	 0.7492	1.0197	 0.0926
2017-04-29	29.8977	 0.0426	0.0000	0.6818	29.6103	 0.3149	0.0000	1.0000	 0.6011	1.0604	 0.1333
2017-05-06	30.2300	 0.3748	0.0000	1.0000	30.1414	 0.8460	0.2500	1.1290	 1.0072	1.0482	 0.1210
2017-05-13	30.2404	 0.3853	0.0000	1.0000	29.9155	 0.6201	0.2561	1.0000	 0.6566	1.0242	 0.0970
2017-05-20	30.3300	 0.4749	0.0000	1.0000	30.2683	 0.9729	0.5340	1.4839	 0.9745	0.9825	 0.0553
2017-05-27	29.8892	 0.0341	0.0000	0.7415	29.9025	 0.6071	0.6370	1.0000	 0.6123	0.9655	 0.0383
2017-06-03	29.8526	-0.0026	0.0000	0.4880	29.7777	 0.4824	0.6370	1.0000	 0.4920	1.0423	 0.1152
2017-06-10	30.3273	 0.4722	0.0000	1.0000	29.5763	 0.2810	0.6370	0.9785	 0.2942	1.0662	 0.1390
2017-06-17	30.2464	 0.3912	0.0000	1.0000	30.0917	 0.7963	0.6480	1.0645	 0.8311	1.0366	 0.1095
2017-06-24	29.9793	 0.1241	0.0000	0.9203	29.6545	 0.3591	0.6480	1.0000	 0.4754	0.9968	 0.0697
2017-07-01	30.0145	 0.1593	0.0000	0.8601	29.5674	 0.2720	0.6480	0.9570	 0.4685	0.9848	 0.0576
2017-07-08	30.3170	 0.4619	0.0000	1.0000	29.8462	 0.5509	0.6480	1.0000	 0.8247	0.9959	 0.0687
2017-07-15	29.9771	 0.1219	0.0000	0.9783	29.8135	 0.5182	0.6480	1.0000	 0.8710	0.9955	 0.0684
2017-07-22	29.6487	-0.2064	0.0000	0.0000	29.5390	 0.2437	0.6480	1.0000	 0.6085	0.9887	 0.0615
2017-07-29	29.8970	 0.0419	0.0000	0.7646	29.7148	 0.4195	0.3983	1.0000	 0.7958	0.9940	 0.0668
2017-08-05	29.8975	 0.0424	0.0000	0.7139	29.7200	 0.4246	0.3920	1.0000	 0.8120	1.0191	 0.0919
2017-08-12	29.7773	-0.0779	0.0000	0.2273	29.7956	 0.5002	0.1141	1.0000	 0.9012	0.9916	 0.0644
2017-08-19	29.5065	-0.3487	0.0000	0.0000	29.3430	 0.0476	0.0109	0.5914	 0.4381	0.9926	 0.0654
2017-08-26	30.0124	 0.1573	0.0000	0.8330	29.6480	 0.3526	0.0109	0.9892	 0.7162	0.9635	 0.0364
2017-09-02	30.0038	 0.1486	0.0000	0.9995	29.2384	-0.0570	0.0109	0.4409	 0.2810	0.9826	 0.0554
2017-09-09	30.0264	 0.1713	0.0000	0.9398	29.6194	 0.3240	0.0000	0.9892	 0.6370	0.9738	 0.0466
2017-09-16	30.1623	 0.3071	0.0000	1.0000	29.8666	 0.5712	0.0000	1.0000	 0.8512	0.9624	 0.0352
2017-09-23	29.6888	-0.1663	0.0000	0.0005	29.7233	 0.4280	0.0045	1.0000	 0.6469	0.9792	 0.0520
2017-09-30	29.3201	-0.5350	0.0000	0.0000	29.7459	 0.4505	0.0045	1.0000	 0.6085	1.0398	 0.1127
2017-10-07	30.1931	 0.3379	0.0000	0.9964	30.4686	 1.1732	0.3006	1.8387	 1.2658	1.0341	 0.1069
2017-10-14	30.6747	 0.8196	0.0008	1.0009	30.3596	 1.0642	1.0229	1.6989	 1.0957	1.0374	 0.1102
2017-10-21	30.2052	 0.3501	0.0008	1.0000	30.1729	 0.8775	1.1780	1.1935	 0.9398	1.1013	 0.1741
2017-10-28	30.1922	 0.3371	0.0008	1.0000	30.0866	 0.7912	1.1857	1.0000	 0.9009	1.0814	 0.1542
2017-11-04	30.2888	 0.4337	0.0008	1.0000	29.9274	 0.6320	1.2591	1.0000	 0.7891	1.0406	 0.1135
2017-11-11	30.3448	 0.4896	0.0008	1.0000	29.8926	 0.5972	1.2591	1.0000	 0.8030	1.0376	 0.1104
2017-11-18	30.1561	 0.3010	0.0008	1.0000	29.6019	 0.3066	1.2591	1.0000	 0.5809	1.0761	 0.1489
2017-11-25	29.6537	-0.2014	0.0008	0.0222	29.3941	 0.0987	1.2591	1.0000	 0.4703	1.0544	 0.1273
2017-12-02	29.9139	 0.0588	0.0008	0.6256	29.8280	 0.5326	1.2591	1.0000	 1.0037	1.0720	 0.1448
2017-12-09	30.0150	 0.1599	0.0008	0.8882	29.6952	 0.3998	1.2591	1.0000	 0.9677	1.1119	 0.1847
2017-12-16	29.5773	-0.2778	0.0008	0.0688	29.3997	 0.1043	1.2545	0.9355	 0.7729	1.1234	 0.1962
2017-12-23	29.3155	-0.5396	0.0008	0.0000	29.3703	 0.0749	1.2545	0.8172	 0.8525	1.0866	 0.1594
2017-12-30	29.5026	-0.3525	0.0008	0.0000	29.3465	 0.0511	0.9586	0.7204	 0.9397	1.0937	 0.1665
2018-01-06	29.6835	-0.1717	0.0000	0.0344	29.4728	 0.1774	0.2366	1.0000	 1.1759	1.0969	 0.1697
2018-01-13	29.5536	-0.3015	0.0000	0.0000	29.1944	-0.1010	0.0812	0.0430	 1.0096	1.0613	 0.1341
2018-01-20	29.8076	-0.0475	0.0000	0.3717	29.1076	-0.1877	0.0737	0.0000	 0.9987	1.0935	 0.1664
2018-01-27	29.7196	-0.1356	0.0000	0.1965	29.3280	 0.0326	0.0000	0.4731	 1.2802	1.1035	 0.1763
2018-02-03	30.1993	 0.3442	0.0000	1.0000	29.3816	 0.0862	0.0000	0.9355	 1.3958	1.1379	 0.2107
2018-02-10	29.3769	-0.4783	0.0000	0.0000	29.0577	-0.2376	0.0000	0.0000	 1.1331	1.1477	 0.2205
2018-02-17	29.6459	-0.2092	0.0000	0.0254	29.2673	-0.0281	0.0000	0.2366	 1.3784	1.1029	 0.1758
2018-02-24	29.6130	-0.2422	0.0000	0.0000	29.0887	-0.2067	0.0000	0.0000	 1.1756	1.0477	 0.1206
2018-03-03	29.7924	-0.0627	0.0000	0.1915	29.3946	 0.0992	0.0000	1.0000	 1.4571	1.0479	 0.1207
2018-03-10	29.6833	-0.1718	0.0000	0.0000	29.1722	-0.1232	0.0000	0.0000	 1.2103	1.0320	 0.1049
2018-03-17	29.1253	-0.7298	0.0000	0.0000	29.1754	-0.1200	0.0000	0.0430	 1.1444	1.0301	 0.1029
2018-03-24	29.3239	-0.5312	0.0000	0.0000	29.3974	 0.1020	0.0000	0.9462	 1.1905	1.0393	 0.1121
2018-03-31	29.2166	-0.6385	0.0000	0.0000	29.0319	-0.2634	0.0000	0.0000	 0.6499	1.0442	 0.1170
2018-04-07	29.5260	-0.3291	0.0000	0.0000	29.3425	 0.0471	0.0000	0.5484	 0.7845	1.0571	 0.1299
2018-04-14	29.3692	-0.4859	0.0000	0.0000	29.2668	-0.0286	0.0000	0.3763	 0.5343	1.0075	 0.0804
2018-04-21	29.3563	-0.4988	0.0000	0.0000	29.2074	-0.0880	0.0000	0.2366	 0.3412	0.9786	 0.0514
2018-04-28	30.0297	 0.1746	0.0000	1.0000	29.4419	 0.1466	0.0000	1.0000	 0.4503	0.9923	 0.0651
2018-05-05	29.7156	-0.1395	0.0000	0.0014	29.5411	 0.2457	0.0000	1.0000	 0.4246	1.0159	 0.0887
2018-05-12	30.4098	 0.5546	0.0000	1.0000	29.8538	 0.5584	0.0000	1.0000	 0.6132	1.0109	 0.0837
2018-05-19	29.8549	-0.0002	0.0000	0.4486	29.3949	 0.0996	0.0062	0.7957	 0.1012	0.9726	 0.0455
2018-05-26	29.3148	-0.5403	0.0000	0.0000	29.1315	-0.1639	0.0062	0.0538	-0.1596	0.9797	 0.0525
2018-06-02	29.8214	-0.0337	0.0000	0.5093	29.3803	 0.0849	0.0062	0.7312	 0.0942	1.0193	 0.0922
2018-06-09	29.9318	 0.0767	0.0000	0.6636	29.9012	 0.6058	0.0078	1.0000	 0.6181	1.0136	 0.0864
2018-06-16	30.3755	 0.5203	0.0000	1.0000	29.9066	 0.6112	0.3371	1.1075	 0.6358	1.0141	 0.0869
2018-06-23	30.4715	 0.6164	0.0000	1.0000	29.9562	 0.6609	0.5334	1.0000	 0.7660	0.9788	 0.0516
2018-06-30	30.1088	 0.2537	0.0000	0.8597	29.5941	 0.2987	0.5334	0.9892	 0.4833	0.9739	 0.0468
2018-07-07	29.6450	-0.2102	0.0000	0.0000	29.5095	 0.2141	0.5334	0.8280	 0.4763	1.0070	 0.0798
2018-07-14	30.0068	 0.1516	0.0000	0.8678	29.8794	 0.5840	0.5383	1.0323	 0.9268	0.9748	 0.0477
2018-07-21	30.2065	 0.3514	0.0000	1.0000	29.6815	 0.3861	0.5466	1.0000	 0.7499	0.9590	 0.0318
2018-07-28	30.0059	 0.1508	0.0000	0.9448	29.8430	 0.5476	0.5466	1.0000	 0.9226	1.0021	 0.0750
2018-08-04	29.8462	-0.0090	0.0000	0.4550	29.4896	 0.1942	0.5466	0.9032	 0.5815	0.9932	 0.0661
2018-08-11	29.6380	-0.2172	0.0000	0.0665	29.5585	 0.2631	0.5402	1.0000	 0.6613	0.9946	 0.0674
2018-08-18	29.4771	-0.3780	0.0000	0.0000	29.2883	-0.0071	0.5402	0.5591	 0.3877	0.9840	 0.0568
2018-08-25	29.6142	-0.2410	0.0000	0.0000	29.2872	-0.0082	0.5402	0.5591	 0.3588	0.9577	 0.0306
2018-09-01	29.6213	-0.2338	0.0000	0.0371	29.3388	 0.0434	0.5387	0.6344	 0.3859	0.9775	 0.0504
2018-09-08	30.3304	 0.4753	0.0000	1.0000	29.8295	 0.5341	0.2667	1.0000	 0.8494	0.9537	 0.0266
2018-09-15	30.0900	 0.2349	0.0000	1.0000	29.4366	 0.1412	0.0695	0.8817	 0.4312	0.9552	 0.0280
2018-09-22	29.5405	-0.3146	0.0000	0.0000	29.6147	 0.3194	0.0695	1.0000	 0.5458	0.9431	 0.0159
2018-09-29	29.8701	 0.0150	0.0000	0.5967	29.5391	 0.2438	0.0695	0.9677	 0.4081	0.9472	 0.0200
2018-10-06	29.9699	 0.1147	0.0000	0.7823	29.5540	 0.2586	0.0649	0.8817	 0.3612	0.9604	 0.0333
2018-10-13	29.4952	-0.3599	0.0000	0.0000	29.4230	 0.1276	0.0568	0.8495	 0.1691	0.9421	 0.0149
2018-10-20	29.2924	-0.5628	0.0000	0.0000	29.4543	 0.1589	0.0568	1.0000	 0.2148	0.9557	 0.0285
2018-10-27	29.1106	-0.7446	0.0000	0.0000	29.3160	 0.0206	0.0568	0.6129	 0.1239	0.9906	 0.0635
2018-11-03	29.5521	-0.3030	0.0000	0.0000	29.2977	 0.0024	0.0568	0.3978	 0.1532	0.9990	 0.0718
2018-11-10	28.9094	-0.9457	0.0000	0.0000	29.1692	-0.1261	0.0568	0.0430	 0.0720	0.9480	 0.0208
2018-11-17	29.3796	-0.4755	0.0000	0.0000	29.3937	 0.0983	0.0568	0.8710	 0.3609	0.9642	 0.0370
2018-11-24	29.6648	-0.1903	0.0000	0.0226	29.6633	 0.3680	0.0568	1.0000	 0.7268	1.0111	 0.0839
2018-12-01	29.5824	-0.2727	0.0000	0.0883	29.4451	 0.1497	0.0000	1.0000	 0.6046	1.0064	 0.0792
2018-12-08	29.4109	-0.4442	0.0000	0.0000	29.2134	-0.0819	0.0000	0.2581	 0.4725	1.0027	 0.0756
2018-12-15	29.2214	-0.6337	0.0000	0.0000	28.8691	-0.4262	0.0000	0.0000	 0.2252	1.0079	 0.0807
2018-12-22	28.9429	-0.9123	0.0000	0.0000	29.0426	-0.2528	0.0000	0.0000	 0.5095	1.0065	 0.0793
2018-12-29	29.0496	-0.8056	0.0000	0.0000	28.8510	-0.4444	0.0000	0.0000	 0.4273	1.0248	 0.0976
2019-01-05	28.8869	-0.9682	0.0000	0.0000	28.7069	-0.5885	0.0000	0.0000	 0.3949	0.9981	 0.0709
2019-01-12	28.8818	-0.9734	0.0000	0.0000	28.8668	-0.4286	0.0000	0.0000	 0.6649	0.9584	 0.0312
2019-01-19	28.8687	-0.9864	0.0000	0.0000	28.6072	-0.6882	0.0000	0.0000	 0.4883	0.9674	 0.0403
2019-01-26	29.0903	-0.7649	0.0000	0.0000	28.5814	-0.7140	0.0000	0.0000	 0.5255	0.9866	 0.0594
2019-02-02	28.4434	-1.4117	0.0000	0.0000	28.0794	-1.2160	0.0000	0.0000	 0.0844	0.9979	 0.0707
2019-02-09	28.1634	-1.6917	0.0000	0.0000	28.3170	-0.9784	0.0000	0.0000	 0.3846	0.9959	 0.0687
2019-02-16	28.0580	-1.7971	0.0000	0.0000	27.8894	-1.4060	0.0000	0.0000	 0.0104	0.9529	 0.0257
2019-02-23	27.3956	-2.4596	0.0000	0.0000	27.7585	-1.5369	0.0000	0.0000	-0.1497	0.9421	 0.0149
2019-03-02	27.7456	-2.1096	0.0000	0.0000	28.0178	-1.2775	0.0000	0.0000	 0.0855	0.9720	 0.0449
2019-03-09	28.5303	-1.3248	0.0000	0.0000	28.2512	-1.0442	0.0000	0.0000	 0.2915	0.9515	 0.0243
2019-03-16	28.6581	-1.1970	0.0000	0.0000	28.5428	-0.7526	0.0000	0.0000	 0.5359	0.9621	 0.0350
2019-03-23	28.5935	-1.2617	0.0000	0.0000	28.0980	-1.1974	0.0000	0.0000	-0.0834	0.9381	 0.0109
2019-03-30	28.0127	-1.8424	0.0000	0.0000	27.9591	-1.3362	0.0000	0.0000	-0.3982	0.9370	 0.0098
2019-04-06	28.6942	-1.1609	0.0000	0.0000	28.7135	-0.7382	0.0000	0.0000	 0.1811	0.9425	 0.0153
2019-04-13	28.7757	-1.0795	0.0000	0.0000	28.6931	-0.5820	0.0000	0.0000	-0.0153	0.9641	 0.0370
2019-04-20	28.7545	-1.1006	0.0000	0.0000	28.6575	-0.6378	0.0000	0.0000	-0.1904	0.9463	 0.0191
2019-04-27	28.8410	-1.0142	0.0000	0.0000	28.4062	-0.8891	0.0000	0.0000	-0.5671	0.9329	 0.0058
2019-05-04	28.9928	-0.8624	0.0000	0.0000	29.0637	-0.2317	0.0000	0.0430	-0.0343	0.9370	 0.0099
2019-05-11	29.8084	-0.0467	0.0000	0.3540	29.6945	 0.3991	0.0000	1.0000	 0.4715	0.9487	 0.0215
2019-05-18	30.5189	 0.6637	0.0000	1.0000	29.8854	 0.5900	0.0000	1.0000	 0.5909	1.0130	 0.0859
2019-05-25	30.3979	 0.5428	0.0012	0.9955	30.2404	 0.9451	0.1209	1.3871	 0.9494	1.0050	 0.0778
2019-06-01	30.1063	 0.2512	0.0012	0.9986	29.4678	 0.1725	0.2048	0.7634	 0.1817	0.9572	 0.0301
2019-06-08	29.5548	-0.3004	0.0012	0.0407	29.6083	 0.3129	0.2048	1.0000	 0.3249	0.9092	-0.0180
2019-06-15	30.2473	 0.3922	0.0012	1.0000	29.5505	 0.2552	0.2143	1.0000	 0.2698	0.9061	-0.0211
2019-06-22	29.8318	-0.0234	0.0012	0.4169	29.5829	 0.2875	0.2143	1.0000	 0.3811	0.9207	-0.0064
2019-06-29	29.7661	-0.0891	0.0012	0.2544	29.4235	 0.1282	0.2143	0.6452	 0.2991	0.9618	 0.0346
2019-07-06	29.4982	-0.3569	0.0012	0.0000	29.3410	 0.0456	0.2143	0.6344	 0.2978	0.9485	 0.0213
2019-07-13	29.2398	-0.6153	0.0012	0.0000	29.1403	-0.1551	0.2143	0.0215	 0.1776	0.9472	 0.0200
2019-07-20	29.3818	-0.4733	0.0012	0.0000	28.9620	-0.3333	0.2143	0.0000	 0.0268	0.9248	-0.0024
2019-07-27	29.0136	-0.8415	0.0012	0.0000	28.9955	-0.2999	0.2143	0.0000	 0.0732	0.9211	-0.0061
2019-08-03	28.9690	-0.8861	0.0012	0.0000	28.9586	-0.3368	0.2143	0.0000	 0.0482	0.8970	-0.0302
2019-08-10	28.9114	-0.9437	0.0012	0.0000	28.4380	-0.8574	0.2143	0.0000	-0.4595	0.9067	-0.0205
2019-08-17	29.2889	-0.5662	0.0000	0.0000	28.8913	-0.4041	0.0937	0.0000	-0.0084	0.8990	-0.0281
2019-08-24	29.4591	-0.3961	0.0000	0.0000	28.9851	-0.3103	0.0092	0.0000	 0.0623	0.9130	-0.0141
2019-08-31	29.6625	-0.1926	0.0000	0.1544	29.2943	-0.0011	0.0092	0.5699	 0.3445	0.8757	-0.0515
2019-09-07	29.6809	-0.1742	0.0000	0.0638	29.1634	-0.1319	0.0000	0.0430	 0.1888	0.8899	-0.0373
2019-09-14	28.9361	-0.9190	0.0000	0.0000	27.9908	-1.3046	0.0000	0.0000	-1.0142	0.9110	-0.0162
2019-09-21	28.9751	-0.8800	0.0000	0.0000	28.8972	-0.3982	0.0000	0.0000	-0.1623	0.8999	-0.0273
2019-09-28	28.8537	-1.0014	0.0000	0.0000	28.9248	-0.3705	0.0000	0.0753	-0.1962	0.8883	-0.0389
2019-10-05	29.0227	-0.8324	0.0000	0.0000	29.2846	-0.0108	0.0000	0.5806	 0.1001	0.9073	-0.0199
2019-10-12	29.9778	 0.1226	0.0000	0.7632	29.8311	 0.5357	0.0015	1.0108	 0.5846	0.9295	 0.0023
2019-10-19	29.8875	 0.0324	0.0000	0.5767	29.2506	-0.0447	0.0015	0.5591	 0.0035	0.9222	-0.0049
2019-10-26	29.7666	-0.0886	0.0000	0.2816	29.7002	 0.4048	0.0015	1.0000	 0.5018	0.9439	 0.0168
2019-11-02	30.1440	 0.2889	0.0000	1.0000	29.8026	 0.5072	0.0015	1.0000	 0.6516	0.9830	 0.0558
2019-11-09	29.9354	 0.0803	0.0000	0.6827	30.1051	 0.8097	0.0015	1.0000	 1.0015	0.9403	 0.0131
2019-11-16	30.1018	 0.2466	0.0000	1.0000	29.9542	 0.6588	0.0015	1.0000	 0.9030	0.9739	 0.0467
2019-11-23	30.3349	 0.4798	0.0000	1.0000	30.4056	 1.1102	0.3646	1.7957	 1.4549	0.9755	 0.0483
2019-11-30	30.3713	 0.5162	0.0000	1.0000	30.0186	 0.7232	0.4148	1.0000	 1.1668	0.9663	 0.0391
2019-12-07	29.7775	-0.0776	0.0000	0.3635	29.7583	 0.4629	0.4148	1.0000	 1.0022	0.9702	 0.0431
2019-12-14	29.9229	 0.0678	0.0000	0.6496	29.6742	 0.3788	0.4148	1.0000	 1.0188	0.9842	 0.0570
2019-12-21	29.8647	 0.0095	0.0000	0.3717	29.7403	 0.4449	0.4148	1.0000	 1.1905	0.9586	 0.0314
2019-12-28	29.6851	-0.1701	0.0000	0.1498	29.3584	 0.0630	0.4148	0.8172	 0.9198	0.9379	 0.0107
2020-01-04	29.1200	-0.7351	0.0000	0.0000	28.8691	-0.4262	0.4132	0.0000	 0.5413	1.0010	 0.0596
2020-01-11	28.3808	-1.4743	0.0000	0.0000	28.8796	-0.4158	0.4132	0.0000	 0.6613	1.0062	 0.0648
2020-01-18	28.8587	-0.9964	0.0000	0.0000	28.8601	-0.4353	0.4132	0.0000	 0.7333	0.9668	 0.0253
2020-01-25	28.6228	-1.2323	0.0000	0.0000	28.5403	-0.7551	0.4132	0.0000	 0.4744	0.9444	 0.0030
2020-02-01	29.0892	-0.7659	0.0000	0.0000	29.0506	-0.2447	0.4132	0.0000	 1.0463	0.9710	 0.0295
2020-02-08	29.1039	-0.7513	0.0000	0.0000	28.9946	-0.3008	0.4132	0.0000	 1.0529	0.9639	 0.0225
2020-02-15	28.5378	-1.3173	0.0000	0.0000	28.4876	-0.8077	0.0502	0.0000	 0.6087	0.9894	 0.0480
2020-02-22	28.2327	-1.6224	0.0000	0.0000	28.2153	-1.0801	0.0000	0.0000	 0.3122	0.9842	 0.0427
2020-02-29	28.2370	-1.6181	0.0000	0.0000	28.3482	-0.9472	0.0000	0.0000	 0.4206	0.9759	 0.0345
2020-03-07	28.8334	-1.0217	0.0000	0.0000	28.4419	-0.8534	0.0000	0.0000	 0.4884	0.9721	 0.0307
2020-03-14	28.6878	-1.1673	0.0000	0.0000	28.4857	-0.8097	0.0000	0.0000	 0.5047	0.9711	 0.0297
2020-03-21	28.5017	-1.3534	0.0000	0.0000	28.7788	-0.5166	0.0000	0.0000	 0.6478	0.9682	 0.0267
2020-03-28	28.8732	-0.9819	0.0000	0.0000	28.7647	-0.5306	0.0000	0.0000	 0.4574	1.0030	 0.0616
2020-04-04	28.8382	-1.0169	0.0000	0.0000	28.7171	-0.5783	0.0000	0.0000	 0.2346	0.9870	 0.0456
2020-04-11	28.7807	-1.0744	0.0000	0.0000	28.6038	-0.6916	0.0000	0.0000	-0.0546	1.0217	 0.0802
2020-04-18	29.0128	-0.8423	0.0000	0.0000	28.9545	-0.3409	0.0000	0.0000	 0.1418	1.0196	 0.0781
2020-04-25	29.5912	-0.2639	0.0000	0.0000	29.4598	 0.1644	0.0000	0.7634	 0.5227	1.0237	 0.0822
2020-05-02	30.0447	 0.1895	0.0000	0.9525	29.6082	 0.3128	0.0000	0.9247	 0.5465	1.0246	 0.0831
2020-05-09	30.1348	 0.2797	0.0000	1.0000	29.7774	 0.4820	0.0000	1.0000	 0.5901	1.0335	 0.0920
2020-05-16	29.7730	-0.0822	0.0000	0.2472	29.6687	 0.3733	0.0000	1.0000	 0.3735	0.9925	 0.0510
2020-05-23	29.6298	-0.2253	0.0000	0.0665	29.2223	-0.0731	0.0000	0.2043	-0.0689	1.0029	 0.0615
2020-05-30	30.2896	 0.4345	0.0000	1.0000	29.5484	 0.2530	0.0000	1.0000	 0.2586	1.0254	 0.0839
2020-06-06	30.2241	 0.3690	0.0000	0.9316	29.7167	 0.4213	0.0000	1.0000	 0.4319	1.0661	 0.1247
2020-06-13	30.2679	 0.4128	0.0000	1.0000	29.9651	 0.6697	0.0000	1.0000	 0.6843	1.0472	 0.1057
2020-06-20	30.3320	 0.4769	0.0000	1.0000	29.8788	 0.5834	0.0000	1.0000	 0.6558	1.0776	 0.1361
2020-06-27	30.2721	 0.4169	0.0000	1.0000	29.6903	 0.3949	0.0000	1.0000	 0.5452	1.0483	 0.1069
2020-07-04	30.2161	 0.3610	0.0000	1.0000	29.7401	 0.4447	0.0000	1.0000	 0.6739	1.0477	 0.1062
2020-07-11	29.7828	-0.0723	0.0000	0.2843	29.5788	 0.2834	0.0000	0.9892	 0.5905	1.0528	 0.1113
2020-07-18	29.9998	 0.1447	0.0000	0.9665	29.7451	 0.4497	0.0000	1.0000	 0.8068	1.0540	 0.1125
2020-07-25	30.0041	 0.1490	0.0000	0.8787	29.6087	 0.3133	0.0000	1.0000	 0.6840	1.0639	 0.1225
2020-08-01	30.2171	 0.3620	0.0000	1.0000	29.6090	 0.3137	0.0000	1.0000	 0.6954	1.0610	 0.1195
2020-08-08	29.8375	-0.0176	0.0000	0.3563	29.7769	 0.4815	0.0000	1.0000	 0.8747	1.0399	 0.0984
2020-08-15	30.2729	 0.4178	0.0000	1.0000	29.7438	 0.4484	0.0000	1.0000	 0.8537	1.0081	 0.0666
2020-08-22	29.9344	 0.0793	0.0000	0.8411	29.5197	 0.2243	0.0000	0.7634	 0.6043	1.0154	 0.0740
2020-08-29	30.1205	 0.2654	0.0000	1.0000	29.4037	 0.1083	0.0000	0.7312	 0.4611	1.0262	 0.0847
2020-09-05	29.8407	-0.0144	0.0000	0.4224	29.4478	 0.1525	0.0000	0.8495	 0.4808	1.0382	 0.0967
2020-09-12	29.6894	-0.1657	0.0000	0.1535	29.8161	 0.5208	0.0000	1.0000	 0.8212	1.0527	 0.1113
2020-09-19	29.9827	 0.1276	0.0000	0.9588	29.7066	 0.4112	0.4112	1.0000	 0.6666	1.0858	 0.1443
2020-09-26	30.1276	 0.2725	0.0000	1.0000	29.9483	 0.6529	0.0000	1.0000	 0.8441	1.0574	 0.1160
2020-10-03	29.8016	-0.0535	0.0000	0.3739	29.8287	 0.5333	0.0000	1.0000	 0.6622	1.0307	 0.0893
2020-10-10	30.0362	 0.1811	0.0000	0.9280	30.0401	 0.7447	0.0000	1.0000	 0.8111	1.0762	 0.1347
2020-10-17	30.3883	 0.5331	0.0000	1.0000	29.9497	 0.6543	0.0767	1.0000	 0.6900	1.0867	 0.1453
2020-10-24	29.9052	 0.0501	0.0000	0.6021	29.8109	 0.5155	0.0767	1.0000	 0.5983	1.1190	 0.1775
2020-10-31	30.3400	 0.4849	0.0000	1.0000	29.9881	 0.6927	0.0767	1.0000	 0.8223	1.1165	 0.1751
2020-11-07	30.0886	 0.2335	0.0000	1.0000	29.6213	 0.3259	0.0767	1.0000	 0.5044	1.0644	 0.1230
2020-11-14	29.8726	 0.0174	0.0000	0.5251	29.7889	 0.4935	0.0767	1.0000	 0.7182	1.0518	 0.1103
2020-11-21	29.4697	-0.3854	0.0000	0.0000	29.6382	 0.3428	0.0767	1.0000	 0.6588	1.0654	 0.1240
2020-11-28	29.4397	-0.4154	0.0000	0.0000	29.5005	 0.2052	0.0767	1.0000	 0.6183	1.1015	 0.1601
2020-12-05	29.7441	-0.1111	0.0000	0.1331	29.7449	 0.4496	0.0767	1.0000	 0.9619	1.1057	 0.1643
2020-12-12	29.7857	-0.0695	0.0000	0.2988	29.8441	 0.5487	0.0767	1.0000	 1.1586	1.1201	 0.1786
2020-12-19	29.8120	-0.0432	0.0000	0.1304	29.3727	 0.0773	0.0767	1.0000	 0.7924	1.1700	 0.2285
2020-12-26	29.9562	 0.1011	0.0000	0.6858	29.3084	 0.0130	0.0767	0.4839	 0.8376	1.1671	 0.2257
2021-01-02	29.3864	-0.4688	0.0000	0.0000	29.1302	-0.1652	0.0767	0.0000	 0.7702	1.1743	 0.2328
2021-01-09	29.2089	-0.6462	0.0000	0.0000	29.2448	-0.0505	0.0000	0.2258	 0.9960	1.1702	 0.2288
2021-01-16	29.3911	-0.4640	0.0000	0.0000	29.1246	-0.1708	0.0000	0.0000	 0.9800	1.2489	 0.3074
2021-01-23	29.1646	-0.6905	0.0000	0.0000	29.0699	-0.2255	0.0000	0.0000	 0.9858	1.1876	 0.2462
2021-01-30	29.3995	-0.4556	0.0000	0.1974	28.6715	-0.6239	0.0000	0.0000	 0.6523	1.1922	 0.2508
2021-02-06	29.3387	-0.5164	0.0000	0.0000	28.7533	-0.5420	0.0000	0.0000	 0.7941	1.1777	 0.2363
2021-02-13	29.4088	-0.4463	0.0000	0.0000	29.2434	-0.0519	0.0000	0.2366	 1.3454	1.2058	 0.2643
2021-02-20	29.0720	-0.7831	0.0000	0.0000	28.9658	-0.3296	0.0000	0.0000	 1.0677	1.1753	 0.2338
2021-02-27	29.0966	-0.7585	0.0000	0.0000	29.3320	 0.0367	0.0000	0.6237	 1.4097	1.1645	 0.2231
2021-03-06	29.2183	-0.6368	0.0000	0.0000	29.0880	-0.2074	0.0000	0.0000	 1.1412	1.1370	 0.1955
2021-03-13	29.1387	-0.7164	0.0000	0.0000	29.1384	-0.1570	0.0000	0.0000	 1.1674	1.1258	 0.1843
2021-03-20	29.8496	-0.0056	0.0000	0.4821	29.5609	 0.2655	0.0000	1.0000	 1.4540	1.1281	 0.1867
2021-03-27	29.5214	-0.3337	0.0000	0.0000	29.2823	-0.0131	0.0000	0.3871	 1.0002	1.1276	 0.1862
2021-04-03	29.5061	-0.3491	0.0000	0.0000	29.4456	 0.1502	0.0000	0.9677	 0.9883	1.1085	 0.1671
2021-04-10	29.5389	-0.2780	0.0000	0.0000	29.4754	 0.1800	0.0000	0.8925	 0.8429	1.1206	 0.1791
2021-04-17	29.8440	-0.0112	0.0000	0.4011	29.5348	 0.2395	0.0000	1.0000	 0.7402	1.1154	 0.1739
2021-04-24	29.6381	-0.2170	0.0000	0.0276	29.7384	 0.4430	0.0000	1.0000	 0.8194	1.1115	 0.1699
2021-05-01	29.6596	-0.1955	0.0000	0.0484	29.8269	 0.5315	0.0000	1.0000	 0.7826	1.0847	 0.1433
2021-05-08	30.1123	 0.2572	0.0000	1.0000	29.6975	 0.4022	0.0000	1.0000	 0.5284	1.0819	 0.1405
2021-05-15	29.8886	 0.0335	0.0000	0.5423	29.6615	 0.3661	0.0000	1.0000	 0.3663	1.0533	 0.1119
2021-05-22	30.0331	 0.1779	0.0000	0.9642	29.7662	 0.4709	0.0000	1.0000	 0.4737	1.0599	 0.1184
2021-05-29	29.9435	 0.0884	0.0000	0.8615	29.7110	 0.4156	0.0000	1.0000	 0.4212	1.0442	 0.1027
2021-06-05	30.2379	 0.3828	0.0000	1.0000	30.2475	 0.9522	0.1454	1.4194	 0.9627	1.0441	 0.1027
2021-06-12	30.3408	 0.4857	0.0000	1.0000	30.2587	 0.9633	0.3386	1.4516	 0.9773	1.0401	 0.0986
2021-06-19	29.9001	 0.0450	0.0000	0.6999	29.5439	 0.2485	0.3386	1.0000	 0.3088	1.0456	 0.1041
2021-06-26	30.0084	 0.1532	0.0000	0.9470	29.9696	 0.6742	0.3386	1.0000	 0.8125	1.0641	 0.1226
2021-07-03	29.9983	 0.1432	0.0000	0.9294	29.5487	 0.2533	0.3386	1.0000	 0.4705	1.0752	 0.1337
2021-07-10	30.1273	 0.2721	0.0000	0.9941	29.6658	 0.3704	0.3386	1.0000	 0.6668	1.0422	 0.1008
2021-07-17	29.6398	-0.3684	0.0000	0.0000	29.5591	 0.2638	0.3386	1.0000	 0.6188	1.0859	 0.1444
2021-07-24	29.7762	-0.0789	0.0000	0.0810	29.6635	 0.3682	0.3386	1.0000	 0.7359	1.0587	 0.1173
2021-07-31	30.1905	 0.3353	0.0000	1.0000	30.0180	 0.7226	0.3401	1.0000	 1.1043	1.0486	 0.1071
2021-08-07	29.9769	 0.1218	0.0000	0.8162	29.7543	 0.4589	0.3401	1.0000	 0.8500	1.0817	 0.1403
2021-08-14	30.0473	 0.1921	0.0000	0.9158	29.6535	 0.3582	0.3401	1.0000	 0.7634	1.0670	 0.1255
2021-08-21	30.0072	 0.1520	0.0000	0.9140	29.7275	 0.4322	0.3401	1.0000	 0.8144	1.0782	 0.1368
2021-08-28	29.8468	-0.0083	0.0000	0.3694	30.0757	 0.7803	0.2042	1.0000	 1.1376	1.0702	 0.1288
2021-09-04	30.0893	 0.2341	0.0000	0.9276	29.9427	 0.6473	0.0717	1.0000	 0.9789	1.0676	 0.1262
2021-09-11	29.9318	 0.0767	0.0000	1.0000	29.6784	 0.3830	0.0717	1.0000	 0.6878	1.0308	 0.0894
2021-09-18	29.9830	 0.1279	0.0000	1.0000	29.5910	 0.2956	0.0717	1.0000	 0.5595	1.1027	 0.1612
2021-09-25	29.6476	-0.2075	0.0000	0.0000	29.4754	 0.1800	0.0717	1.0000	 0.3806	1.0926	 0.1511
2021-10-02	30.1123	 0.2572	0.0000	1.0000	29.7909	 0.4955	0.0717	1.0000	 0.6327	1.0754	 0.1340
2021-10-09	30.2385	 0.3833	0.0000	1.0000	30.0942	 0.7988	0.0853	1.0000	 0.8744	1.0993	 0.1579
2021-10-16	30.8558	 1.0007	0.5258	1.5641	30.3646	 1.0692	0.8551	1.7527	 1.0987	1.1342	 0.1927
2021-10-23	30.4467	 0.5916	0.5258	1.0000	29.9531	 0.6577	1.0398	1.0000	 0.7333	1.0787	 0.1373
2021-10-30	30.0625	 0.2074	0.5258	0.9357	29.9478	 0.6525	1.0734	1.0000	 0.7770	1.0832	 0.1417
2021-11-06	30.0410	 0.1859	0.5258	0.9833	29.8434	 0.5481	1.0734	1.0000	 0.7194	1.0952	 0.1537
2021-11-13	30.1188	 0.2637	0.5258	1.0000	29.9057	 0.6103	1.0734	1.0000	 0.8287	1.1120	 0.1705
2021-11-20	29.9321	 0.0769	1.0549	0.7370	30.1023	 0.8069	1.0642	1.0000	 1.1113	1.1598	 0.2183
2021-11-27	30.1519	 0.2968	1.0549	0.9928	29.8810	 0.5856	1.0230	1.0000	 0.9858	1.1153	 0.1738
2021-12-04	30.1624	 0.3072	1.0549	1.0000	29.6258	 0.3304	1.0230	1.0000	 0.8278	1.1515	 0.2101
2021-12-11	29.6788	-0.1763	1.0549	0.0186	29.3527	 0.0573	1.0230	0.7097	 0.6544	1.2004	 0.2589
2021-12-18	29.5721	-0.2830	1.0549	0.0000	29.5604	 0.2651	1.0230	1.0000	 0.9637	1.1555	 0.2141
2021-12-25	29.4709	-0.3842	1.0549	0.0000	29.3866	 0.0912	1.0230	0.7097	 0.8999	1.1855	 0.2441
2022-01-01	29.6987	-0.1564	1.0549	0.1177	28.8500	-0.4454	1.0092	0.0000	 0.4751	1.1266	 0.1852
2022-01-08	29.0728	-0.7823	   NaN	0.0000	29.0271	-0.2683	0.2397	0.0000	 0.7616	1.0931	 0.1516
2022-01-15	29.0622	-0.7929	   NaN	0.0000	29.1056	-0.1898	0.0527	0.0000	 0.9510	1.0798	 0.1384
2022-01-22	29.0391	-0.8161	   NaN	0.0000	28.9778	-0.3175	0.0189	0.0000	 0.8860	1.1452	 0.2038
2022-01-29	29.1567	-0.6985	   NaN	0.0000	28.9903	-0.3051	0.0189	0.0000	 0.9611	1.1028	 0.1613
2022-02-05	29.3406	-0.5145	   NaN	0.0000	28.8617	-0.4337	0.0189	0.0000	 0.8941	1.1103	 0.1688
2022-02-12	29.0638	-0.7914	   NaN	0.0000	28.9899	-0.3055	0.0189	0.0000	 1.0831	1.0914	 0.1500
2022-02-19	29.3195	-0.5356	   NaN	0.0000	28.7240	-0.5714	0.0000	0.0000	 0.8309	1.1232	 0.1818
2022-02-26	28.7750	-1.0802	   NaN	0.0000	28.5469	-0.7485	0.0000	0.0000	 0.6275	1.1489	 0.2075
2022-03-05	28.7721	-1.0830	   NaN	0.0000	28.6683	-0.6271	0.0000	0.0000	 0.7247	1.1286	 0.1871
2022-03-12	29.3287	-0.5265	   NaN	0.0000	28.7871	-0.5083	0.0000	0.0000	 0.8161	1.1001	 0.1587
2022-03-26	29.6440	-0.2111	   NaN	0.0928	29.2554	-0.0400	0.0000	0.0753	 0.9985	1.1354	 0.1939
2022-04-02	29.8735	 0.0184	   NaN	0.4853	29.1990	-0.0963	0.0000	0.0000	 0.7670	1.1822	 0.2408
2022-04-16	29.7068	-0.1483	   NaN	0.1254	29.5874	 0.2920	0.0000	1.0000	 0.8096	1.1704	 0.2289
2022-04-23	29.6154	-0.2397	   NaN	0.1240	29.3854	 0.0900	0.0000	1.0000	 0.4845	1.0914	 0.1499
2022-04-30	29.9034	 0.0482	   NaN	0.6283	29.7040	 0.4086	0.0000	1.0000	 0.6781	1.0916	 0.1502
2022-05-07	30.2351	 0.3800	   NaN	1.0000	29.9819	 0.6866	0.0000	1.0000	 0.8292	1.0887	 0.1473
2022-05-14	30.1029	 0.2478	   NaN	1.0000	29.7388	 0.4434	0.0000	1.0000	 0.4633	1.1159	 0.1744
2022-05-21	29.8944	 0.0392	   NaN	0.6605	29.3613	 0.0659	0.0000	0.8280	 0.0685	1.0817	 0.1402
2022-05-28	29.8915	 0.0363	   NaN	0.5622	29.3037	 0.0083	0.0000	0.6022	 0.0139	1.1467	 0.2052
2022-06-11	29.6891	-0.1660	   NaN	0.0453	29.8086	 0.5132	0.0000	1.0000	 0.5265	1.1289	 0.1874
