tanggal	sst_mur	hs_mur	dhw_mur	ba_mur	sst_ct5km	hs_ct5km	dhw_ct5km	ba_ct5km	ssta_ct5km	adt	sla
2016-01-02	29.6890	-0.2198	0.0000	0.1905	29.3698	-0.0321	0.0000	0.3517	 0.3158	0.9700	-0.0606
2016-01-09	29.9599	 0.0511	0.0000	0.5630	29.5110	 0.1091	0.0012	0.7586	 0.5795	0.9559	-0.0747
2016-01-16	29.9241	 0.0153	0.0000	0.4658	29.5007	 0.0988	0.0012	0.7490	 0.6769	0.9657	-0.0649
2016-01-23	29.7240	-0.1848	0.0000	0.0976	28.8889	-0.5130	0.0012	0.0000	 0.0822	0.9485	-0.0821
2016-01-30	29.5497	-0.3591	0.0000	0.0260	29.1451	-0.2568	0.0012	0.0000	 0.3567	0.9839	-0.0467
2016-02-06	29.7463	-0.1625	0.0000	0.2229	29.1899	-0.2120	0.0012	0.0703	 0.4191	0.9571	-0.0735
2016-02-13	29.4560	-0.4528	0.0000	0.0000	28.4508	-0.9511	0.0012	0.0000	-0.3024	0.9552	-0.0754
2016-02-20	28.7937	-1.1151	0.0000	0.0000	28.8857	-0.5162	0.0012	0.0000	 0.1573	0.9585	-0.0720
2016-02-27	29.3526	-0.5562	0.0000	0.0000	29.4271	 0.0252	0.0012	0.5076	 0.7265	0.9769	-0.0537
2016-03-05	29.5161	-0.3927	0.0000	0.0071	29.2491	-0.1528	0.0012	0.0589	 0.5766	0.9556	-0.0750
2016-03-12	29.4338	-0.4750	0.0000	0.0000	29.0447	-0.3572	0.0012	0.0000	 0.3998	0.9594	-0.0712
2016-03-19	29.1653	-0.7435	0.0000	0.0000	28.8586	-0.5433	0.0012	0.0000	 0.1698	0.9429	-0.0877
2016-03-26	28.9643	-0.9445	0.0000	0.0000	29.0922	-0.3096	0.0012	0.0000	 0.3044	0.9534	-0.0772
2016-04-02	29.1547	-0.7541	0.0000	0.0000	29.1269	-0.2750	0.0000	0.0000	 0.2404	0.9697	-0.0609
2016-04-09	29.8531	-0.0557	0.0000	0.4276	29.7696	 0.3678	0.0000	1.0000	 0.7847	0.9781	-0.0525
2016-04-16	29.4208	-0.4880	0.0000	0.0000	29.5738	 0.1719	0.0000	0.6730	 0.5014	0.9730	-0.0576
2016-04-23	29.3335	-0.5753	0.0000	0.0000	29.4393	 0.0374	0.0000	0.4506	 0.3407	1.0023	-0.0283
2016-04-30	29.4860	-0.4228	0.0000	0.0000	29.8333	 0.4314	0.0000	0.9791	 0.7108	1.0074	-0.0232
2016-05-07	29.8550	-0.0538	0.0000	0.3862	30.3039	 0.9021	0.0602	1.3745	 1.1544	1.0286	-0.0020
2016-05-14	30.1273	 0.2185	0.0000	0.9663	30.1385	 0.7366	0.0624	1.0152	 0.9629	1.0656	 0.0351
2016-05-21	30.0040	 0.0952	0.0000	0.7362	30.0877	 0.6858	0.0624	1.0000	 0.9608	1.0733	 0.0427
2016-05-28	30.0260	 0.1172	0.0000	0.6797	30.2517	 0.8498	0.0763	1.0266	 1.1864	1.0871	 0.0565
2016-06-04	29.9797	 0.0709	0.0000	0.5429	29.7568	 0.3549	0.0763	1.0000	 0.7525	1.1101	 0.0796
2016-06-11	30.1814	 0.2726	0.0000	0.8997	30.1614	 0.7595	0.0787	1.0171	 1.2180	1.1246	 0.0940
2016-06-18	30.0421	 0.1333	0.0000	0.8255	29.7844	 0.3825	0.0787	1.0000	 0.8986	1.0970	 0.0665
2016-06-25	29.7442	-0.1646	0.0000	0.2881	29.5851	 0.1832	0.0787	0.9487	 0.7545	1.0790	 0.0484
2016-07-02	29.5204	-0.3884	0.0000	0.0000	29.1567	-0.2452	0.0787	0.0000	 0.3808	1.1219	 0.0914
2016-07-09	29.5666	-0.3422	0.0000	0.0499	29.7751	 0.3733	0.0787	1.0000	 1.0543	1.1172	 0.0866
2016-07-16	29.7479	-0.1609	0.0000	0.4658	29.7451	 0.3432	0.0787	0.9791	 1.0645	1.1124	 0.0818
2016-07-23	29.2973	-0.6115	0.0000	0.0000	29.4170	 0.0151	0.0787	0.5399	 0.6981	1.0938	 0.0633
2016-07-30	29.4302	-0.4786	0.0000	0.0554	29.3970	-0.0048	0.0184	0.4829	 0.6383	1.1027	 0.0721
2016-08-06	29.8594	-0.0494	0.0000	0.4516	29.2308	-0.1711	0.0163	0.0000	 0.4328	1.0721	 0.0415
2016-08-13	29.2244	-0.6844	0.0000	0.0407	29.7493	 0.3474	0.0163	1.0000	 0.9112	1.0730	 0.0424
2016-08-20	30.3550	 0.4462	0.0000	0.9605	30.0569	 0.6550	0.0025	1.0000	 1.2343	1.0925	 0.0619
2016-08-27	30.4296	 0.5208	0.0018	0.9703	30.1692	 0.7673	0.3130	1.0000	 1.3837	1.0874	 0.0568
2016-09-03	29.9435	 0.0347	0.0018	0.6701	29.6505	 0.2486	0.3938	1.0000	 0.9017	1.0550	 0.0244
2016-09-10	29.1683	-0.7405	0.0018	0.0000	29.7016	 0.2997	0.3938	0.9867	 0.9899	1.0604	 0.0298
2016-09-17	29.4143	-0.4945	0.0018	0.0096	29.7867	 0.3848	0.3938	1.0000	 1.0774	1.0949	 0.0643
2016-09-24	29.7333	-0.1755	0.0018	0.3236	29.9481	 0.5462	0.4171	1.0000	 1.1541	1.0973	 0.0667
2016-10-01	29.9382	 0.0294	0.0018	0.5350	29.7285	 0.3266	0.4171	1.0000	 0.8495	1.1172	 0.0866
2016-10-08	30.3118	 0.4030	0.0018	0.9348	29.6126	 0.2108	0.4171	0.7852	 0.6486	1.1430	 0.1124
2016-10-15	30.6253	 0.7165	0.0104	1.0126	30.0398	 0.6379	0.4171	1.0000	 0.9911	1.1906	 0.1600
2016-10-22	30.3408	 0.4320	0.0104	1.0000	29.8267	 0.4249	0.4176	1.0000	 0.7037	1.2049	 0.1743
2016-10-29	30.4713	 0.5625	0.0104	1.0000	29.6312	 0.2293	0.4176	0.9715	 0.4321	1.1912	 0.1606
2016-11-05	30.1709	 0.2621	0.0104	1.0000	29.7592	 0.3573	0.4187	1.0000	 0.4858	1.1938	 0.1632
2016-11-12	30.1901	 0.2813	0.0104	0.9864	29.8165	 0.4147	0.7835	1.0000	 0.4683	1.2119	 0.1814
2016-11-19	30.3266	 0.4178	0.0086	1.0000	29.8952	 0.4933	0.4933	1.0000	 0.5161	1.2287	 0.1982
2016-11-26	30.3090	 0.4002	0.0086	1.0000	30.4575	 1.0556	0.5990	1.8175	 1.0817	1.1811	 0.1505
2016-12-03	30.0641	 0.1553	0.0086	0.8307	30.4496	 1.0477	1.2654	1.6141	 1.0763	1.1507	 0.1201
2016-12-10	30.0807	 0.1719	0.0086	0.8387	30.1975	 0.7956	1.5007	1.0970	 0.8277	1.1426	 0.1121
2016-12-17	30.3547	 0.4459	0.0086	1.0000	30.3890	 0.9871	1.7614	1.4411	 1.0556	1.1126	 0.0821
2016-12-24	30.3780	 0.4692	0.0086	1.0000	30.5979	 1.1960	2.4289	2.0570	 1.3865	1.0853	 0.0548
2016-12-31	29.4910	-0.4178	0.0086	0.0000	30.2434	 0.8416	2.8862	1.0190	 1.1544	1.0817	 0.0511
2017-01-07	29.6920	-0.2168	0.0000	0.0000	30.3801	 0.9783	3.2044	1.4924	 1.4138	1.0644	 0.0338
2017-01-14	29.7319	-0.1769	0.0000	0.2475	30.1016	 0.6997	3.2403	1.0000	 1.2572	1.1144	 0.0838
2017-01-21	30.1996	 0.2908	0.0000	0.9987	29.9181	 0.5162	3.2403	1.0000	 1.1062	1.0943	 0.0637
2017-01-28	29.7967	-0.1121	0.0000	0.0993	29.6208	 0.2190	3.2877	0.8422	 0.8270	1.0587	 0.0281
2017-02-04	29.8800	-0.0288	0.0000	0.2365	29.7851	 0.3833	2.9228	1.0000	 1.0090	1.0532	 0.0226
2017-02-11	30.0131	 0.1043	0.0000	1.0000	29.9366	 0.5348	2.9023	1.0000	 1.1782	1.0831	 0.0525
2017-02-18	29.5665	-0.3423	0.0000	0.0000	29.5085	 0.1066	2.7134	0.8422	 0.7730	1.0811	 0.0505
2017-02-25	29.5156	-0.3932	0.0000	0.0000	29.7124	 0.3106	2.0475	0.9316	 1.0058	1.0786	 0.0480
2017-03-04	29.6287	-0.2801	0.0000	0.0000	29.1458	-0.2561	1.8121	0.0228	 0.4677	1.1075	 0.0770
2017-03-11	30.3240	 0.4152	0.0000	1.0000	29.1509	-0.2510	1.5282	0.0000	 0.5016	1.1101	 0.0795
2017-03-18	29.7533	-0.1555	0.0000	0.0252	29.5918	 0.1900	0.8607	1.0000	 0.9169	1.1442	 0.1136
2017-03-25	29.9353	 0.0265	0.0000	0.5500	29.4698	 0.0679	0.4033	0.7376	 0.6961	1.1381	 0.1075
2017-04-01	30.0271	 0.1184	0.0000	1.0000	29.6653	 0.2634	0.0849	1.0000	 0.7931	1.1182	 0.0876
2017-04-08	30.1213	 0.2125	0.0000	1.0000	29.5072	 0.1054	0.0485	0.7890	 0.5362	1.1090	 0.0784
2017-04-15	29.8428	-0.0660	0.0000	0.0840	29.3935	-0.0083	0.0485	0.4924	 0.3240	1.1422	 0.1116
2017-04-22	29.8110	-0.0977	0.0000	0.3096	29.7883	 0.3864	0.0000	0.9639	 0.6933	1.1229	 0.0924
2017-04-29	29.8488	-0.0600	0.0000	0.0443	29.8046	 0.4028	0.0000	1.0000	 0.6837	1.1336	 0.1030
2017-05-06	29.8964	-0.0124	0.0000	0.5374	29.7470	 0.3451	0.0000	0.8935	 0.6015	1.1362	 0.1056
2017-05-13	29.8316	-0.0772	0.0000	0.3574	29.8964	 0.4945	0.0000	1.0000	 0.7262	1.1509	 0.1203
2017-05-20	29.7275	-0.1813	0.0000	0.1900	29.8281	 0.4262	0.0000	1.0000	 0.6934	1.1566	 0.1260
2017-05-27	29.7527	-0.1561	0.0000	0.1128	30.1113	 0.7094	0.0244	1.0133	 1.0375	1.1558	 0.1252
2017-06-03	29.8604	-0.0484	0.0000	0.4796	29.8646	 0.4628	0.0829	1.0000	 0.8510	1.1552	 0.1247
2017-06-10	29.7722	-0.1366	0.0000	0.2256	29.7804	 0.3785	0.0837	0.9068	 0.8277	1.1486	 0.1180
2017-06-17	29.5838	-0.3250	0.0000	0.0000	29.4496	 0.0477	0.0837	0.6844	 0.5564	1.1716	 0.1410
2017-06-24	29.4525	-0.4563	0.0000	0.0000	29.6130	 0.2111	0.0837	0.8137	 0.7750	1.1626	 0.1320
2017-07-01	29.4681	-0.4407	0.0000	0.0141	29.6297	 0.2278	0.0837	0.9905	 0.8461	1.1539	 0.1234
2017-07-08	29.5259	-0.3829	0.0000	0.0599	29.5930	 0.1911	0.0837	0.9087	 0.8645	1.1094	 0.0788
2017-07-15	29.2609	-0.6479	0.0000	0.0000	29.4654	 0.0635	0.0890	0.6540	 0.7916	1.0907	 0.0602
2017-07-22	28.9445	-0.9643	0.0000	0.0000	29.1007	-0.3012	0.0890	0.0000	 0.3871	1.1167	 0.0862
2017-07-29	29.1184	-0.7904	0.0000	0.0000	29.5391	 0.1373	0.0890	0.8270	 0.7857	1.0940	 0.0634
2017-08-05	29.5043	-0.4045	0.0000	0.1154	29.7578	 0.3559	0.0890	0.9867	 0.9647	1.0767	 0.0461
2017-08-12	29.4410	-0.4678	0.0000	0.0000	29.6467	 0.2448	0.0890	0.9582	 0.8153	1.0883	 0.0577
2017-08-19	29.0348	-0.8740	0.0000	0.0000	29.4644	 0.0626	0.0644	0.6236	 0.6363	1.0654	 0.0348
2017-08-26	29.5177	-0.3911	0.0000	0.0003	29.7270	 0.3251	0.0061	0.9297	 0.9363	1.0538	 0.0233
2017-09-02	29.8253	-0.0835	0.0000	0.3006	29.5867	 0.1848	0.0053	0.9924	 0.8330	1.0638	 0.0332
2017-09-09	30.0353	 0.1265	0.0000	0.7801	29.7877	 0.3858	0.0070	0.9772	 1.0709	1.0498	 0.0192
2017-09-16	29.5439	-0.3649	0.0000	0.3722	29.5664	 0.1645	0.0070	0.7338	 0.8686	1.0641	 0.0336
2017-09-23	29.8854	-0.0234	0.0000	0.5288	29.6289	 0.2270	0.0070	0.8935	 0.8469	1.1086	 0.0780
2017-09-30	29.5095	-0.3993	0.0000	0.0091	29.6928	 0.2909	0.0070	1.0000	 0.8271	1.1325	 0.1019
2017-10-07	29.6062	-0.3026	0.0000	0.1647	29.9177	 0.5158	0.0017	1.0000	 0.9659	1.1387	 0.1081
2017-10-14	29.7801	-0.1287	0.0000	0.3057	29.9915	 0.5896	0.0179	1.0000	 0.9554	1.1780	 0.1474
2017-10-21	30.2025	 0.2937	0.0000	0.9829	30.0635	 0.6617	0.0528	1.0209	 0.9508	1.2132	 0.1826
2017-10-28	30.4274	 0.5186	0.0009	0.9999	30.1815	 0.7797	0.4317	1.0894	 0.9935	1.1866	 0.1561
2017-11-04	30.2735	 0.3647	0.0009	0.9308	30.1455	 0.7436	0.5271	1.0190	 0.8834	1.1615	 0.1310
2017-11-11	29.8411	-0.0677	0.0009	0.3551	30.0994	 0.6975	0.6215	1.0513	 0.7609	1.1582	 0.1276
2017-11-18	30.0240	 0.1153	0.0009	0.7036	29.9591	 0.5572	0.6966	1.0000	 0.5801	1.1692	 0.1386
2017-11-25	30.4704	 0.5616	0.0796	1.1061	30.3667	 0.9648	0.9197	1.4297	 0.9904	1.1567	 0.1261
2017-12-02	30.6171	 0.7083	0.1277	1.0616	30.4394	 1.0375	1.7515	1.6445	 1.0656	1.1500	 0.1194
2017-12-09	30.3427	 0.4339	0.1277	1.0000	30.1574	 0.7555	2.1650	1.0646	 0.7867	1.1568	 0.1262
2017-12-16	30.3028	 0.3940	0.1277	1.0000	30.1181	 0.7162	2.3161	1.0152	 0.7673	1.1520	 0.1214
2017-12-23	29.9996	 0.0908	0.1277	0.9156	30.1623	 0.7605	2.3278	1.1464	 0.9334	1.1395	 0.1089
2017-12-30	30.1899	 0.2811	0.1277	1.0000	30.3531	 0.9512	2.8428	1.4163	 1.2469	1.1434	 0.1129
2018-01-06	29.8885	-0.0203	0.1277	0.4444	30.0535	 0.6516	2.8534	1.0000	 1.0697	1.1294	 0.0989
2018-01-13	30.4632	 0.5544	0.1277	1.0000	30.1219	 0.7200	3.0427	1.0000	 1.2601	1.1421	 0.1115
2018-01-20	30.3313	 0.4225	0.1268	1.0000	29.7702	 0.3683	2.6667	0.9373	 0.9564	1.1495	 0.1189
2018-01-27	30.4317	 0.5229	0.1268	1.0000	30.0565	 0.6546	2.5714	1.0000	 1.2604	1.1407	 0.1101
2018-02-03	30.4023	 0.4935	0.1268	1.0000	29.7748	 0.3729	2.4771	1.0000	 0.9960	1.1443	 0.1137
2018-02-10	29.6844	-0.2244	0.1268	0.0002	29.8917	 0.4898	2.4092	1.0000	 1.1306	1.1276	 0.0970
2018-02-17	29.6359	-0.2729	0.0481	0.0000	29.7084	 0.3066	2.1859	0.8726	 0.9682	1.1609	 0.1303
2018-02-24	29.9218	 0.0130	0.0000	0.6294	29.6165	 0.2146	1.3527	0.9392	 0.9057	1.1514	 0.1208
2018-03-03	29.9052	-0.0036	0.0000	0.4289	29.6326	 0.2307	0.9414	0.7985	 0.9504	1.1345	 0.1040
2018-03-10	30.0419	 0.1331	0.0000	1.0000	29.6174	 0.2155	0.7901	0.9810	 0.9644	1.1039	 0.0733
2018-03-17	29.5442	-0.3646	0.0000	0.0000	29.6279	 0.2261	0.7783	0.9810	 0.9667	1.0906	 0.0600
2018-03-24	29.8748	-0.0340	0.0000	0.3221	29.6463	 0.2444	0.2633	0.8802	 0.8868	1.0709	 0.0403
2018-03-31	29.0990	-0.8098	0.0000	0.0000	29.5582	 0.1563	0.2365	0.9563	 0.6999	1.1157	 0.0851
2018-04-07	29.3875	-0.5213	0.0000	0.0000	29.4888	 0.0869	0.0122	0.9411	 0.5318	1.1008	 0.0702
2018-04-14	29.9503	 0.0415	0.0000	0.5445	29.6761	 0.2742	0.0094	0.9943	 0.6206	1.0819	 0.0513
2018-04-21	29.9469	 0.0381	0.0000	0.7298	29.6515	 0.2497	0.0094	0.8080	 0.5600	1.1107	 0.0801
2018-04-28	29.6994	-0.2094	0.0000	0.2018	29.5902	 0.1883	0.0094	0.8346	 0.4736	1.1345	 0.1040
2018-05-05	29.8936	-0.0152	0.0000	0.5298	29.7147	 0.3128	0.0022	0.9810	 0.5726	1.1429	 0.1123
2018-05-12	29.6655	-0.2433	0.0000	0.0608	29.6191	 0.2172	0.0022	0.9240	 0.4516	1.1660	 0.1354
2018-05-19	29.8560	-0.0528	0.0000	0.3700	29.8039	 0.4020	0.0092	1.0000	 0.6599	1.1601	 0.1295
2018-05-26	29.7262	-0.1826	0.0000	0.1561	29.7507	 0.3488	0.0090	1.0000	 0.6675	1.1667	 0.1361
2018-06-02	29.8124	-0.0964	0.0000	0.3383	29.7656	 0.3637	0.0373	1.0000	 0.7435	1.1611	 0.1305
2018-06-09	29.7342	-0.1746	0.0000	0.2116	29.6706	 0.2687	0.0373	0.9411	 0.7100	1.1615	 0.1309
2018-06-16	29.9932	 0.0844	0.0000	0.7732	29.9493	 0.5475	0.0373	1.0000	 1.0483	1.1433	 0.1127
2018-06-23	29.6407	-0.2681	0.0000	0.0964	29.2794	-0.1224	0.0373	0.2319	 0.4332	1.1424	 0.1118
2018-06-30	29.2164	-0.6924	0.0000	0.0000	29.3409	-0.0610	0.0373	0.2757	 0.5508	1.1513	 0.1207
2018-07-07	28.6676	-1.2412	0.0000	0.0000	28.9121	-0.4898	0.0373	0.0000	 0.1757	1.1400	 0.1094
2018-07-14	29.0034	-0.9054	0.0000	0.0000	29.3479	-0.0540	0.0373	0.5741	 0.6665	1.1698	 0.1392
2018-07-21	29.5145	-0.3943	0.0000	0.1916	29.7799	 0.3780	0.0373	0.8688	 1.0726	1.1547	 0.1241
2018-07-28	29.8492	-0.0596	0.0000	0.4916	29.7961	 0.3942	0.0373	0.9962	 1.0485	1.1416	 0.1110
2018-08-04	28.9995	-0.9093	0.0000	0.0000	29.6465	 0.2446	0.0373	0.9620	 0.8594	1.1090	 0.0784
2018-08-11	29.1708	-0.7380	0.0000	0.0000	29.9037	 0.5018	0.0312	0.9829	 1.0764	1.1100	 0.0794
2018-08-18	29.9792	 0.0704	0.0000	0.6908	29.8397	 0.4378	0.0294	1.0000	 1.0063	1.1322	 0.1017
2018-08-25	29.6957	-0.2131	0.0000	0.3717	29.7364	 0.3345	0.0807	0.9468	 0.9400	1.1332	 0.1026
2018-09-01	28.5842	-1.3246	0.0000	0.0000	29.3348	-0.0670	0.0807	0.5475	 0.5758	1.0988	 0.0683
2018-09-08	28.4839	-1.4249	0.0000	0.0000	29.4190	 0.0171	0.0807	0.7129	 0.6967	1.0939	 0.0633
2018-09-15	29.7328	-0.1760	0.0000	0.1273	29.4144	 0.0125	0.0807	0.5798	 0.7293	1.1047	 0.0741
2018-09-22	29.6106	-0.2982	0.0000	0.0069	29.5727	 0.1709	0.0807	0.9468	 0.8030	1.0956	 0.0651
2018-09-29	29.8337	-0.0751	0.0000	0.4137	29.9502	 0.5483	0.0807	1.0000	 1.0953	1.0923	 0.0617
2018-10-06	29.5661	-0.3427	0.0000	0.0312	29.7538	 0.3519	0.0807	1.0000	 0.8146	1.0815	 0.0509
2018-10-13	29.5660	-0.3428	0.0000	0.0630	29.7812	 0.3793	0.0807	1.0000	 0.7567	1.0821	 0.0515
2018-10-20	29.9892	 0.0804	0.0000	0.6171	29.9031	 0.5012	0.0807	1.0000	 0.8002	1.1111	 0.0806
2018-10-27	30.1308	 0.2220	0.0000	0.9080	29.8452	 0.4433	0.0863	1.0000	 0.6680	1.1515	 0.1209
2018-11-03	29.9822	 0.0734	0.0000	0.6538	29.9896	 0.5877	0.0854	1.0000	 0.7375	1.0885	 0.0579
2018-11-10	29.9663	 0.0575	0.0000	0.6827	29.8354	 0.4335	0.0852	1.0000	 0.5091	1.0706	 0.0400
2018-11-17	29.8709	-0.0379	0.0000	0.2572	29.8231	 0.4213	0.0056	1.0000	 0.4441	1.0904	 0.0599
2018-11-24	29.9847	 0.0759	0.0000	0.5100	29.8371	 0.4352	0.0056	1.0000	 0.4607	1.0964	 0.0658
2018-12-01	29.8602	-0.0486	0.0000	0.3229	29.9164	 0.5145	0.0056	1.0000	 0.5420	1.0719	 0.0413
2018-12-08	30.1693	 0.2605	0.0000	0.9908	29.9946	 0.5927	0.0072	1.0000	 0.6233	1.0827	 0.0521
2018-12-15	30.0240	 0.1152	0.0000	0.9740	29.9815	 0.5796	0.0869	1.0000	 0.6131	1.0448	 0.0142
2018-12-22	29.8821	-0.0267	0.0000	0.3915	29.8258	 0.4239	0.0869	1.0000	 0.5798	1.0489	 0.0184
2018-12-29	29.8917	-0.0171	0.0000	0.3108	29.4257	 0.0239	0.0869	0.5494	 0.3019	1.0886	 0.0580
2019-01-05	29.7934	-0.1154	0.0000	0.3327	29.9341	 0.5322	0.0869	1.0000	 0.9326	1.0772	 0.0467
2019-01-12	29.4261	-0.4827	0.0000	0.0155	29.5096	 0.1078	0.0869	0.9011	 0.6303	1.0164	-0.0142
2019-01-19	29.1914	-0.7174	0.0000	0.0000	29.2156	-0.1863	0.0872	0.1920	 0.3990	1.0307	 0.0001
2019-01-26	29.4943	-0.4145	0.0000	0.0000	29.1182	-0.2837	0.0872	0.0000	 0.3194	1.0290	-0.0016
2019-02-02	29.2283	-0.6805	0.0000	0.0000	29.2454	-0.1564	0.0872	0.0399	 0.4644	1.0360	 0.0054
2019-02-09	29.4659	-0.4429	0.0000	0.0000	29.3595	-0.0424	0.0872	0.3346	 0.5964	1.0432	 0.0126
2019-02-16	29.2268	-0.6820	0.0000	0.0000	29.4603	 0.0584	0.0872	0.5970	 0.7161	1.0376	 0.0070
2019-02-23	29.3409	-0.5679	0.0000	0.0000	29.4288	 0.0269	0.0872	0.6293	 0.7136	1.0152	-0.0154
2019-03-02	28.9950	-0.9138	0.0000	0.0000	29.1113	-0.2906	0.0855	0.0817	 0.4248	1.0337	 0.0031
2019-03-09	28.6476	-1.2612	0.0000	0.0000	28.9313	-0.4706	0.0060	0.0000	 0.2741	1.0709	 0.0403
2019-03-16	29.1941	-0.7147	0.0000	0.0000	29.1286	-0.2733	0.0060	0.1179	 0.4817	1.0700	 0.0394
2019-03-23	29.3151	-0.5937	0.0000	0.0000	29.3388	-0.0631	0.0060	0.3555	 0.5934	1.0656	 0.0351
2019-03-30	28.8635	-1.0453	0.0000	0.0000	29.3479	-0.0540	0.0060	0.3137	 0.5039	1.0359	 0.0053
2019-04-06	29.3027	-0.6061	0.0000	0.0000	29.4681	 0.1108	0.0060	0.7357	 0.5252	1.0459	 0.0153
2019-04-13	29.5946	-0.3142	0.0000	0.0256	29.6770	 0.2827	0.0000	1.0000	 0.6359	1.0052	-0.0254
2019-04-20	29.2148	-0.6940	0.0000	0.0000	29.4450	 0.0431	0.0000	0.5551	 0.3579	1.0266	-0.0040
2019-04-27	29.3912	-0.5176	0.0000	0.0130	29.7932	 0.3913	0.0000	1.0000	 0.6800	1.0223	-0.0083
2019-05-04	29.7228	-0.1860	0.0000	0.0335	29.5216	 0.1198	0.0474	0.6578	 0.3832	1.0506	 0.0201
2019-05-11	29.7796	-0.1292	0.0000	0.1946	29.7929	 0.3910	0.0474	1.0000	 0.6283	1.0555	 0.0250
2019-05-18	29.4194	-0.4894	0.0000	0.0000	29.6413	 0.2394	0.0474	0.9183	 0.4894	1.0591	 0.0285
2019-05-25	29.6426	-0.2662	0.0000	0.0893	29.7978	 0.3960	0.0474	1.0000	 0.7057	1.0594	 0.0288
2019-06-01	30.0349	 0.1261	0.0000	0.8416	29.8356	 0.4337	0.0474	1.0000	 0.8050	1.0529	 0.0223
2019-06-08	29.2191	-0.6897	0.0000	0.0000	29.6129	 0.2111	0.0474	0.9163	 0.6428	1.0359	 0.0053
2019-06-15	28.7591	-1.1497	0.0000	0.0000	29.4558	 0.0540	0.0474	0.8574	 0.5470	1.0693	 0.0387
2019-06-22	29.7652	-0.1435	0.0000	0.1425	29.6656	 0.2637	0.0474	0.9696	 0.8117	1.0570	 0.0264
2019-06-29	29.5492	-0.3596	0.0000	0.0041	29.5838	 0.1819	0.0474	0.8669	 0.7848	1.0615	 0.0309
2019-07-06	29.1377	-0.7711	0.0000	0.0000	29.3329	-0.0689	0.0474	0.3954	 0.5887	1.0576	 0.0270
2019-07-13	29.4160	-0.4928	0.0000	0.0751	29.2815	-0.1204	0.0474	0.1008	 0.5920	1.0509	 0.0203
2019-07-20	29.7745	-0.1343	0.0000	0.3168	29.6005	 0.1986	0.0474	0.9183	 0.8980	1.0770	 0.0464
2019-07-27	28.5859	-1.3229	0.0000	0.0000	29.2659	-0.1360	0.0000	0.0684	 0.5241	1.0382	 0.0076
2019-08-03	28.3126	-1.5962	0.0000	0.0000	29.2104	-0.1915	0.0000	0.0000	 0.4293	1.0514	 0.0208
2019-08-10	29.2384	-0.6704	0.0000	0.0000	29.5252	 0.1233	0.0000	0.7452	 0.7046	1.0722	 0.0416
2019-08-17	29.3546	-0.5542	0.0000	0.0000	29.5954	 0.1935	0.0000	0.9202	 0.7569	1.0440	 0.0134
2019-08-24	29.1612	-0.7476	0.0000	0.0000	29.4300	 0.0281	0.0000	0.6958	 0.6284	1.0318	 0.0013
2019-08-31	28.4812	-1.4276	0.0000	0.0000	29.2251	-0.1768	0.0000	0.0456	 0.4604	1.0596	 0.0290
2019-09-07	29.3476	-0.5612	0.0000	0.0000	29.2084	-0.1935	0.0000	0.2548	 0.4811	1.0384	 0.0078
2019-09-14	29.1810	-0.7278	0.0000	0.0000	28.8947	-0.5072	0.0000	0.0000	 0.2040	1.0467	 0.0161
2019-09-21	29.4150	-0.4938	0.0000	0.0084	29.3876	-0.0142	0.0000	0.5608	 0.6297	1.0349	 0.0043
2019-09-28	29.3388	-0.5700	0.0000	0.0000	29.2865	-0.1154	0.0000	0.2129	 0.4437	1.0297	-0.0009
2019-10-05	29.6464	-0.2624	0.0000	0.0017	29.6664	 0.2645	0.0000	0.9772	 0.7389	1.0433	 0.0127
2019-10-12	29.5898	-0.3190	0.0000	0.0000	29.5482	 0.1463	0.0000	0.8935	 0.5359	1.0551	 0.0245
2019-10-19	29.6219	-0.2869	0.0000	0.0892	29.7180	 0.3162	0.0000	1.0000	 0.6273	1.0425	 0.0119
2019-10-26	29.6020	-0.3068	0.0000	0.0630	29.5850	 0.1831	0.0000	0.9468	 0.4179	1.0887	 0.0581
2019-11-02	29.5321	-0.3767	0.0000	0.0207	29.6545	 0.2526	0.0000	1.0000	 0.4133	1.1485	 0.1179
2019-11-09	29.7892	-0.1196	0.0000	0.2079	29.5698	 0.1679	0.0000	1.0000	 0.2534	1.1285	 0.0979
2019-11-16	30.1093	 0.2005	0.0000	0.8891	30.1110	 0.7091	0.0013	1.0000	 0.7308	1.0965	 0.0659
2019-11-23	30.2205	 0.3117	0.0000	0.9543	29.9118	 0.5099	0.0035	1.0000	 0.5346	1.0819	 0.0513
2019-11-30	29.9507	 0.0419	0.0000	0.5714	29.6932	 0.2913	0.0035	1.0000	 0.3200	1.0867	 0.0562
2019-12-07	29.5123	-0.3965	0.0000	0.0144	29.6671	 0.2652	0.0035	1.0000	 0.2955	1.0710	 0.0404
2019-12-14	30.0272	 0.1184	0.0000	0.9086	29.9779	 0.5761	0.0035	1.0000	 0.6093	1.0504	 0.0198
2019-12-21	30.0051	 0.0963	0.0000	0.7997	29.9167	 0.5148	0.0035	1.0000	 0.6530	1.0578	 0.0272
2019-12-28	29.9372	 0.0284	0.0000	0.5241	29.5403	 0.1384	0.0035	0.8802	 0.3991	1.0724	 0.0418
2020-01-04	29.7457	-0.1631	0.0000	0.1696	29.4165	 0.0146	0.0035	0.5989	 0.3977	1.0480	 0.0291
2020-01-11	29.7901	-0.1187	0.0000	0.1745	29.9610	 0.5591	0.0035	1.0000	 1.0641	1.0133	-0.0028
2020-01-18	29.9405	 0.0317	0.0000	0.5395	29.5818	 0.1799	0.0035	1.0000	 0.7625	1.0228	 0.0092
2020-01-25	29.7724	-0.1364	0.0000	0.3592	29.7506	 0.3488	0.0035	0.9810	 0.9491	1.0446	 0.0394
2020-02-01	29.8839	-0.0249	0.0000	0.3794	29.8397	 0.4378	0.0083	1.0000	 1.0561	1.0286	 0.0174
2020-02-08	29.9946	 0.0858	0.0000	0.6141	29.6710	 0.2691	0.0069	0.8498	 0.9052	1.0291	 0.0138
2020-02-15	29.8103	-0.0985	0.0000	0.4176	29.6874	 0.2855	0.0048	0.8878	 0.9393	1.0081	-0.0075
2020-02-22	29.2365	-0.6723	0.0000	0.0000	29.4285	 0.0266	0.0048	0.4791	 0.7079	1.0524	 0.0381
2020-02-29	29.7968	-0.1120	0.0000	0.3060	29.5430	 0.1411	0.0048	0.6331	 0.8503	1.0270	 0.0136
2020-03-07	30.0005	 0.0917	0.0000	0.6350	29.5765	 0.1747	0.0048	0.7548	 0.9117	1.0292	 0.0138
2020-03-14	29.9347	 0.0259	0.0000	0.5485	29.5522	 0.1503	0.0048	0.8897	 0.9157	1.0266	 0.0108
2020-03-21	29.9885	 0.0797	0.0000	0.6732	29.8322	 0.4303	0.0048	1.0000	 1.1148	1.0455	 0.0316
2020-03-28	29.7100	-0.1988	0.0000	0.0312	29.6288	 0.2269	0.0048	0.9810	 0.8130	1.0425	 0.0260
2020-04-04	30.0467	 0.1379	0.0000	0.8083	29.6069	 0.2050	0.0048	0.9068	 0.6924	1.0393	 0.0184
2020-04-11	29.4653	-0.4435	0.0000	0.0000	29.8116	 0.4097	0.0059	1.0076	 0.7981	1.0656	 0.0577
2020-04-18	30.0713	 0.1625	0.0000	1.0000	30.0360	 0.6341	0.0140	1.0000	 0.9559	1.1066	 0.0918
2020-04-25	30.1672	 0.2584	0.0000	0.9427	29.9937	 0.5918	0.0093	1.0000	 0.8876	1.1333	 0.1158
2020-05-02	29.7834	-0.1254	0.0000	0.0170	30.0226	 0.6207	0.0126	1.0000	 0.8912	1.1366	 0.1173
2020-05-09	30.0604	 0.1516	0.0000	0.9942	30.1190	 0.7172	0.0786	1.0000	 0.9624	1.1887	 0.1794
2020-05-16	30.1916	 0.2828	0.0000	0.8902	30.2164	 0.8145	0.2481	1.1179	 1.0481	1.1544	 0.1393
2020-05-23	29.9874	 0.0786	0.0000	0.6562	30.1119	 0.7100	0.4903	1.0380	 1.0027	1.1614	 0.1442
2020-05-30	30.1210	 0.2122	0.0000	0.8880	29.9893	 0.5874	0.5101	1.0000	 0.9416	1.1642	 0.1420
2020-06-06	30.1626	 0.2538	0.0000	0.9071	30.0801	 0.6782	0.5262	1.0076	 1.0928	1.1633	 0.1445
2020-06-13	29.9439	 0.0351	0.0000	0.5540	29.9423	 0.5404	0.5262	1.0000	 1.0168	1.1777	 0.1533
2020-06-20	29.9754	 0.0666	0.0000	0.5909	29.6135	 0.2116	0.5262	0.8099	 0.7444	1.1602	 0.1355
2020-06-27	29.9203	 0.0115	0.0000	0.5121	29.8994	 0.4975	0.5262	1.0000	 1.0847	1.1664	 0.1403
2020-07-04	29.7790	-0.1297	0.0000	0.3312	29.8412	 0.4393	0.5251	1.0000	 1.0815	1.1549	 0.1297
2020-07-11	29.6303	-0.2785	0.0000	0.2030	29.6680	 0.2661	0.5170	0.9125	 0.9628	1.1651	 0.1488
2020-07-18	29.4465	-0.4623	0.0000	0.0649	29.7200	 0.3181	0.5170	1.0000	 1.0284	1.1294	 0.1104
2020-07-25	29.6296	-0.2792	0.0000	0.2994	29.8411	 0.4392	0.5136	1.0000	 1.1113	1.1177	 0.0915
2020-08-01	29.2765	-0.6323	0.0000	0.0073	29.8847	 0.4829	0.4477	0.9525	 1.1152	1.1511	 0.1220
2020-08-08	29.3960	-0.5128	0.0000	0.0029	29.8680	 0.4661	0.2785	0.9696	 1.0586	1.1595	 0.1398
2020-08-15	29.5928	-0.3160	0.0000	0.1456	29.6960	 0.2941	0.0360	0.8764	 0.8468	1.1616	 0.1414
2020-08-22	29.7388	-0.1700	0.0000	0.3191	29.9205	 0.5186	0.0160	1.0000	 1.1084	1.1647	 0.1434
2020-08-29	29.0822	-0.8266	0.0000	0.0000	29.8044	 0.4025	0.0044	0.9734	 1.0291	1.1407	 0.1210
2020-09-05	29.3179	-0.5909	0.0000	0.0000	29.9311	 0.5292	0.0044	1.0000	 1.1932	1.1824	 0.1590
2020-09-12	29.8021	-0.1067	0.0000	0.3061	29.8326	 0.4307	0.0044	0.9981	 1.1317	1.1668	 0.1460
2020-09-19	29.6058	-0.3030	0.0000	0.1804	29.6889	 0.2870	0.2870	1.0000	 0.9552	1.1627	 0.1342
2020-09-26	29.6152	-0.2936	0.0000	0.0832	29.6344	 0.2325	0.0044	0.8688	 0.8159	1.1516	 0.1307
2020-10-03	30.1930	 0.2842	0.0049	0.8757	29.9235	 0.5217	0.0123	0.9791	 1.0204	1.1539	 0.1350
2020-10-10	29.9690	 0.0602	0.0049	0.7924	30.0350	 0.6331	0.0183	1.0399	 1.0476	1.1574	 0.1360
2020-10-17	30.3454	 0.4366	0.0049	0.9963	30.2703	 0.8685	0.0374	1.1255	 1.1993	1.1860	 0.1665
2020-10-24	29.7547	-0.1541	0.0049	0.0955	29.9762	 0.5743	0.0786	1.0000	 0.8310	1.2040	 0.1858
2020-10-31	30.3253	 0.4165	0.0049	1.0000	30.3216	 0.9197	0.2571	1.1844	 1.1016	1.2043	 0.1884
2020-11-07	30.2697	 0.3609	0.0049	1.0000	30.0733	 0.6714	0.3670	1.0000	 0.7789	1.2015	 0.1830
2020-11-14	30.0413	 0.1326	0.0049	0.7317	30.3989	 0.9971	0.4858	1.5209	 1.0287	1.1938	 0.1805
2020-11-21	30.2272	 0.3184	0.0049	0.9471	29.9172	 0.5153	0.5229	1.0000	 0.5391	1.1572	 0.1408
2020-11-28	29.8491	-0.0597	0.0049	0.1982	30.1252	 0.7233	0.5365	1.0000	 0.7502	1.1780	 0.1623
2020-12-05	30.0779	 0.1691	0.0049	0.9997	30.1124	 0.7105	0.5365	1.0000	 0.7398	1.2310	 0.2150
2020-12-12	30.1885	 0.2797	0.0049	1.0000	30.3515	 0.9496	0.6858	1.4411	 0.9821	1.2183	 0.2006
2020-12-19	30.2595	 0.3507	0.0049	1.0000	30.2394	 0.8376	0.8934	1.0399	 0.9411	1.2023	 0.1873
2020-12-26	30.3656	 0.4568	0.0000	1.0000	30.1444	 0.7425	0.9958	1.0000	 0.9681	1.1915	 0.1779
2021-01-02	30.0465	 0.1377	0.0000	0.9063	29.8864	 0.4846	1.0092	0.9829	 0.8324	1.1855	 0.1702
2021-01-09	30.4119	 0.5031	0.0000	1.0000	29.9339	 0.5321	1.0145	1.0000	 1.0024	1.1998	 0.1799
2021-01-16	30.2454	 0.3366	0.0000	1.0000	29.6091	 0.2072	0.9949	0.8669	 0.7853	1.2201	 0.2025
2021-01-23	30.3934	 0.4846	0.0000	1.0000	30.0613	 0.6594	0.8162	1.0000	 1.2546	1.2471	 0.2287
2021-01-30	30.2740	 0.3652	0.0000	1.0000	29.7322	 0.3304	0.7065	0.9563	 0.9439	1.2461	 0.2289
2021-02-06	29.7542	-0.1546	0.0000	0.1157	29.8882	 0.4863	0.5876	0.9981	 1.1174	1.2528	 0.2372
2021-02-13	30.3683	 0.4595	0.0000	1.0000	29.8389	 0.4370	0.5512	0.9981	 1.0857	1.2382	 0.2195
2021-02-20	29.7316	-0.1772	0.0000	0.0556	29.8525	 0.4507	0.5376	1.0000	 1.1252	1.2005	 0.1801
2021-02-27	30.3362	 0.4274	0.0000	1.0000	29.6694	 0.2676	0.5376	0.7985	 0.9707	1.2092	 0.1959
2021-03-06	29.8787	-0.0301	0.0000	0.5017	29.2381	-0.1638	0.3883	0.4240	 0.5685	1.1850	 0.1759
2021-03-13	29.9267	 0.0179	0.0000	0.5477	29.6094	 0.2075	0.1805	0.6958	 0.9691	1.1556	 0.1384
2021-03-20	30.0511	 0.1423	0.0000	0.7938	29.9421	 0.5402	0.0705	1.0000	 1.2390	1.1633	 0.1459
2021-03-27	29.9805	 0.0717	0.0000	0.5742	29.6860	 0.2841	0.0511	0.7852	 0.8841	1.2045	 0.1892
2021-04-03	30.3425	 0.4337	0.0000	1.0000	29.9834	 0.5815	0.0265	1.0000	 1.0829	1.1852	 0.1703
2021-04-10	30.3248	 0.4179	0.0000	1.0000	30.1433	 0.7414	0.0826	1.0000	 1.1441	1.1626	 0.1430
2021-04-17	30.1935	 0.2847	0.0000	0.8246	29.9371	 0.5352	0.0826	1.0000	 0.8592	1.1614	 0.1379
2021-04-24	29.8131	-0.0957	0.0000	0.2720	29.7510	 0.3491	0.0826	1.0000	 0.6491	1.1514	 0.1340
2021-05-01	29.7371	-0.1717	0.0000	0.1790	29.9795	 0.5776	0.0826	1.0000	 0.8523	1.1519	 0.1270
2021-05-08	30.1556	 0.2468	0.0000	1.0000	29.9474	 0.5455	0.0852	1.0000	 0.7946	1.1512	 0.1379
2021-05-15	29.9750	 0.0662	0.0000	0.7714	30.0508	 0.6489	0.0972	1.0000	 0.8722	1.1185	 0.0959
2021-05-22	29.7935	-0.1153	0.0000	0.2222	29.8148	 0.4129	0.0972	1.0000	 0.6976	1.1336	 0.1126
2021-05-29	29.6275	-0.2813	0.0000	0.0240	29.8465	 0.4447	0.0972	1.0000	 0.7897	1.1464	 0.1330
2021-06-05	29.7654	-0.1434	0.0000	0.0537	29.7254	 0.3235	0.0972	0.9449	 0.7301	1.1533	 0.1400
2021-06-12	29.6974	-0.2114	0.0000	0.0366	29.6438	 0.2419	0.0972	1.0000	 0.7083	1.1419	 0.1205
2021-06-19	29.5541	-0.3547	0.0000	0.0000	29.5874	 0.1856	0.0972	0.9639	 0.7101	1.1199	 0.0973
2021-06-26	29.6146	-0.2942	0.0000	0.0321	29.5859	 0.1840	0.0972	0.8650	 0.7633	1.1165	 0.0962
2021-07-03	29.5179	-0.3909	0.0000	0.0211	29.6270	 0.2251	0.0198	1.0000	 0.8590	1.1131	 0.0991
2021-07-10	29.3931	-0.5157	0.0000	0.0000	29.6464	 0.2445	0.0198	1.0000	 0.9340	1.1425	 0.1259
2021-07-17	29.2517	-0.7367	0.0000	0.0000	29.5990	 0.1971	0.0198	0.9962	 0.9141	1.1458	 0.1329
2021-07-24	29.7510	-0.1578	0.0000	0.1862	29.6102	 0.2084	0.0198	0.8954	 0.8852	1.1653	 0.1505
2021-07-31	30.2767	 0.3679	0.0000	0.9759	30.1917	 0.7898	0.0366	1.1654	 1.4274	1.1318	 0.1122
2021-08-07	30.1430	 0.2342	0.0000	0.8152	29.8937	 0.4918	0.1127	1.0000	 1.0896	1.1367	 0.1167
2021-08-14	29.7096	-0.1992	0.0000	0.0485	29.6816	 0.2798	0.1127	0.8821	 0.8392	1.1339	 0.1152
2021-08-21	29.4681	-0.4407	0.0000	0.0000	29.6998	 0.2980	0.1127	1.0000	 0.8824	1.1234	 0.1044
2021-08-28	29.7154	-0.1934	0.0000	0.2115	29.7081	 0.3062	0.1127	0.9411	 0.9276	1.1169	 0.0994
2021-09-04	29.8482	-0.0606	0.0000	0.4303	29.9078	 0.5059	0.1127	1.0000	 1.1643	1.1080	 0.0896
2021-09-11	29.5523	-0.3565	0.0000	0.1189	29.7469	 0.3450	0.1154	0.9430	 1.0408	1.1538	 0.1370
2021-09-18	29.9582	 0.0494	0.0000	0.7338	29.6507	 0.2489	0.1207	0.7814	 0.9297	1.1633	 0.1472
2021-09-25	29.4723	-0.4365	0.0000	0.0000	29.7318	 0.3299	0.1207	0.8213	 0.9255	1.1693	 0.1487
2021-10-02	29.7568	-0.1520	0.0000	0.1385	29.8446	 0.4427	0.1207	1.0000	 0.9536	1.1882	 0.1730
2021-10-09	29.9891	 0.0803	0.0000	0.5753	30.2782	 0.8763	0.1682	1.3004	 1.3023	1.1912	 0.1745
2021-10-16	30.7155	 0.8067	0.1857	1.2509	30.3877	 0.9859	0.7130	1.3726	 1.3288	1.2070	 0.1886
2021-10-23	30.3435	 0.4347	0.1857	1.0000	30.1011	 0.6992	0.8858	1.0000	 0.9662	1.1620	 0.1421
2021-10-30	29.8450	-0.0638	0.1857	0.3857	30.0251	 0.6233	0.8191	1.0019	 0.8159	1.1910	 0.1740
2021-11-06	30.4858	 0.5770	0.1926	1.0099	30.3378	 0.9359	1.1187	1.3973	 1.0538	1.2089	 0.1927
2021-11-13	30.4559	 0.5471	0.1926	1.0000	30.2948	 0.8929	1.5624	1.3099	 0.9366	1.2134	 0.1922
2021-11-20	30.3352	 0.4264	1.1348	1.0000	30.2512	 0.8493	1.6532	1.3251	 0.8733	1.2214	 0.2009
2021-11-27	30.2255	 0.3167	1.1348	1.0000	30.0573	 0.6554	1.8833	1.0837	 0.6817	1.2183	 0.1990
2021-12-04	30.2252	 0.3164	1.1348	1.0000	30.0788	 0.6769	2.0218	1.0000	 0.7058	1.2545	 0.2372
2021-12-11	30.1545	 0.2457	1.1348	0.9737	30.1919	 0.7900	2.2566	1.2738	 0.8221	1.2538	 0.2356
2021-12-18	30.2809	 0.3721	1.1348	0.9930	30.0290	 0.6271	2.3019	1.0000	 0.7132	1.1800	 0.1633
2021-12-25	29.9322	 0.0235	1.1348	0.6051	29.8571	 0.4552	2.3030	1.0000	 0.6634	1.1680	 0.1504
2022-01-01	30.0732	 0.1644	1.1348	0.9980	29.3801	-0.0218	2.2554	0.4392	 0.3088	1.1522	 0.1365
2022-01-08	29.7000	-0.2088	1.0268	0.0000	29.7528	 0.3510	1.7108	1.0000	 0.8036	1.1706	 0.1572
2022-01-15	29.8000	-0.1088	1.0268	0.1399	30.0128	 0.6109	1.5132	1.0000	 1.1860	1.1236	 0.1054
2022-01-22	29.8030	-0.1058	1.0268	0.1422	29.5635	 0.1616	1.4918	0.9449	 0.7544	1.1348	 0.1193
2022-01-29	29.7665	-0.1423	   NaN	0.1427	29.9192	 0.5173	1.1997	1.0000	 1.1279	1.1563	 0.1409
2022-02-05	29.8059	-0.1029	   NaN	0.0447	29.7322	 0.3303	0.7563	1.0000	 0.9589	1.1619	 0.1447
2022-02-12	29.6463	-0.2625	   NaN	0.0058	29.7710	 0.3692	0.6655	0.9601	 1.0154	1.1610	 0.1472
2022-02-19	29.7916	-0.1172	   NaN	0.1527	29.5910	 0.1891	0.4350	0.8270	 0.8593	1.1387	 0.1231
2022-02-26	29.5995	-0.3093	   NaN	0.0000	29.3877	-0.0142	0.2942	0.5000	 0.6852	1.1692	 0.1518
2022-03-05	29.7332	-0.1756	   NaN	0.0000	29.1953	-0.2066	0.0541	0.2643	 0.5216	1.1800	 0.1648
2022-03-12	29.7825	-0.1263	   NaN	0.0000	29.6493	 0.2474	0.0086	0.8004	 1.0044	1.1796	 0.1614
2022-03-26	29.8814	-0.0274	   NaN	0.3124	29.8193	 0.4175	0.0076	0.8289	 1.0315	1.2210	 0.2040
2022-04-02	30.1518	 0.2430	   NaN	0.8467	30.0511	 0.6492	0.0076	1.0000	 1.1645	1.1813	 0.1652
2022-04-16	30.0346	 0.1258	   NaN	1.0000	30.0952	 0.6933	0.0078	1.0019	 1.0228	1.2396	 0.2246
2022-04-23	30.0443	 0.1355	   NaN	0.7608	29.9741	 0.5722	0.0100	1.0000	 0.8755	1.2409	 0.2244
2022-04-30	29.8463	-0.0625	   NaN	0.3253	29.7234	 0.3215	0.0100	1.0000	 0.6009	1.2144	 0.2023
2022-05-07	29.8980	-0.0108	   NaN	0.4916	30.0669	 0.6650	0.0152	1.0342	 0.9174	1.2698	 0.2534
2022-05-14	29.7556	-0.1532	   NaN	0.2563	29.7266	 0.3247	0.0891	1.0000	 0.5510	1.2724	 0.2580
2022-05-21	30.0084	 0.0996	   NaN	0.6953	30.0633	 0.6614	0.0899	1.0000	 0.9364	1.2466	 0.2316
2022-05-28	29.7934	-0.1154	   NaN	0.2249	29.9528	 0.5510	0.0899	1.0000	 0.8875	1.2315	 0.2163
2022-06-11	29.6862	-0.2226	   NaN	0.1216	30.0219	 0.6201	0.1101	1.0000	 1.0785	1.2380	 0.2200
