tanggal	sst_mur	hs_mur	dhw_mur	ba_mur	sst_ct5km	hs_ct5km	dhw_ct5km	ba_ct5km	ssta_ct5km	adt	sla
2016-01-02	29.0513	-0.8119	0.0000	0.0000	28.9035	-0.3120	0.0847	0.0340	 0.7112	1.0163	 0.0260
2016-01-09	29.2650	-0.5982	0.0000	0.0000	28.9634	-0.2521	0.0847	0.0340	 0.8276	1.0060	 0.0157
2016-01-16	29.4484	-0.4148	0.0000	0.0494	28.7228	-0.4927	0.0847	0.0600	 0.6401	1.0092	 0.0189
2016-01-23	29.0670	-0.7963	0.0000	0.0001	28.7864	-0.4291	0.0847	0.0016	 0.7270	0.9976	 0.0073
2016-01-30	28.8177	-1.0455	0.0000	0.0000	28.7851	-0.4304	0.0847	0.0000	 0.7511	1.0213	 0.0310
2016-02-06	29.0309	-0.8323	0.0000	0.0000	28.7301	-0.4854	0.0847	0.1540	 0.7202	1.0636	 0.0733
2016-02-13	28.9574	-0.9059	0.0000	0.0000	28.6271	-0.5884	0.0847	0.1345	 0.6428	1.0609	 0.0706
2016-02-20	29.2497	-0.6136	0.0000	0.0208	28.9754	-0.2400	0.0194	0.3436	 0.9382	1.0358	 0.0455
2016-02-27	29.0865	-0.7768	0.0000	0.0000	28.4562	-0.7593	0.0019	0.0000	 0.3353	1.0291	 0.0388
2016-03-05	29.0794	-0.7839	0.0000	0.0000	29.1602	-0.0553	0.0019	0.3890	 0.9560	0.9982	 0.0079
2016-03-12	29.6593	-0.2040	0.0035	0.2404	29.2145	-0.0010	0.0046	0.4182	 0.9267	0.9972	 0.0069
2016-03-19	29.5774	-0.2859	0.0035	0.2249	29.3401	 0.1246	0.0046	0.6483	 0.9152	1.0086	 0.0183
2016-03-26	29.4885	-0.3748	0.0035	0.1893	29.4997	 0.2842	0.0058	0.8412	 0.8953	1.0072	 0.0169
2016-04-02	29.6901	-0.1731	0.0035	0.2879	29.5802	 0.3647	0.0058	0.9433	 0.7971	0.9934	 0.0031
2016-04-09	29.4371	-0.4262	0.0035	0.2242	29.3861	 0.1706	0.0058	0.5575	 0.4243	0.9897	-0.0006
2016-04-16	30.2214	 0.3582	0.0084	0.7928	30.1877	 0.9723	0.3329	1.4279	 1.0692	0.9980	 0.0077
2016-04-23	30.2923	 0.4291	0.0979	0.8800	30.1301	 0.9146	0.6713	1.4084	 0.9901	1.0023	 0.0120
2016-04-30	30.4569	 0.5937	0.2791	1.0425	30.2823	 1.0668	1.4783	1.6613	 1.1220	1.0186	 0.0283
2016-05-07	29.7725	-0.0908	0.2803	0.4200	30.1389	 0.9234	2.0847	1.6661	 0.9557	1.0087	 0.0184
2016-05-14	30.2684	 0.4052	0.2803	0.9953	29.9574	 0.7419	2.4806	1.1912	 0.7529	1.0373	 0.0470
2016-05-21	30.2616	 0.3983	0.2813	1.0012	30.1894	 0.9739	3.4893	1.6629	 1.0058	1.0237	 0.0334
2016-05-28	30.3016	 0.4383	0.2813	0.9993	29.9977	 0.7822	3.7669	1.0000	 0.8436	1.0298	 0.0395
2016-06-04	30.2969	 0.4337	0.2778	1.0000	30.0003	 0.7848	3.9184	1.0292	 0.8743	1.0609	 0.0706
2016-06-11	30.2786	 0.4154	0.2778	0.9997	29.9528	 0.7373	4.1218	1.0032	 0.8552	1.0455	 0.0552
2016-06-18	30.3469	 0.4836	0.2778	1.0000	30.3327	 1.1172	4.5820	1.7812	 1.3117	1.0489	 0.0586
2016-06-25	30.4425	 0.5793	0.2778	1.0000	29.6115	 0.3960	4.6557	0.9125	 0.7317	1.0406	 0.0503
2016-07-02	29.9475	 0.0842	0.2778	0.6166	29.8790	 0.6635	4.6559	1.0016	 1.1400	1.0353	 0.0450
2016-07-09	29.9429	 0.0796	0.2729	0.6190	29.4597	 0.2442	4.3289	0.9254	 0.8617	1.0469	 0.0566
2016-07-16	30.3317	 0.4684	0.1908	0.9941	30.2397	 1.0242	4.1919	1.9092	 1.7617	1.0728	 0.0825
2016-07-23	30.3266	 0.4633	0.0095	1.0000	30.0922	 0.8767	3.5593	1.1718	 1.6055	1.0603	 0.0700
2016-07-30	30.1992	 0.3360	0.0083	0.9998	29.2616	 0.0461	2.9842	0.8525	 0.7677	1.0431	 0.0528
2016-08-06	29.6096	-0.2536	0.0083	0.0000	29.0063	-0.2092	2.5885	0.1621	 0.5033	1.0229	 0.0326
2016-08-13	29.1784	-0.6848	0.0073	0.0000	29.3888	 0.1733	1.5798	0.8298	 0.8778	1.0208	 0.0305
2016-08-20	29.4912	-0.3720	0.0073	0.0000	29.0276	-0.1879	1.3021	0.2010	 0.4922	1.0200	 0.0297
2016-08-27	29.3087	-0.5546	0.0073	0.0038	29.4578	 0.2423	1.1458	0.8023	 0.8899	1.0194	 0.0291
2016-09-03	29.9664	 0.1032	0.0073	0.7203	29.8702	 0.6547	0.9623	1.0211	 1.2700	1.0558	 0.0656
2016-09-10	30.0081	 0.1448	0.0073	0.7925	29.4985	 0.2830	0.5011	0.9854	 0.8657	1.0559	 0.0656
2016-09-17	29.7020	-0.1612	0.0073	0.1640	29.6074	 0.3919	0.4311	1.0000	 0.9309	1.0603	 0.0700
2016-09-24	29.8404	-0.0228	0.0073	0.4747	29.0455	-0.1700	0.4309	0.0713	 0.2961	1.0492	 0.0589
2016-10-01	29.9476	 0.0843	0.0073	0.8846	29.4996	 0.2841	0.4306	1.0000	 0.6774	1.0517	 0.0614
2016-10-08	29.8806	 0.0174	0.0000	0.4362	29.3712	 0.1557	0.2294	0.6856	 0.4759	1.0627	 0.0724
2016-10-15	29.6675	-0.1957	0.0000	0.2451	29.2747	 0.0592	0.0546	0.6094	 0.3061	1.0695	 0.0792
2016-10-22	29.9389	 0.0757	0.0000	0.6964	28.8865	-0.3290	0.0236	0.0000	-0.0619	1.0727	 0.0825
2016-10-29	30.3115	 0.4482	0.0000	0.9814	29.0674	-0.1481	0.0236	0.1912	 0.1400	1.0831	 0.0928
2016-11-05	29.9076	 0.0443	0.0000	0.5672	29.1872	-0.0283	0.0236	0.4360	 0.2791	1.0807	 0.0904
2016-11-12	29.3835	-0.4798	0.0000	0.0000	29.3573	 0.1418	0.0236	0.8152	 0.4700	1.1165	 0.1262
2016-11-19	29.5286	-0.3346	0.0000	0.0042	29.8893	 0.6738	0.0276	1.0130	 1.0831	1.0941	 0.1038
2016-11-26	29.8389	-0.0244	0.0000	0.4808	29.6874	 0.4719	0.0277	1.0000	 1.0077	1.0755	 0.0852
2016-12-03	30.0875	 0.2243	0.0000	0.9455	29.7352	 0.5197	0.0365	1.0000	 1.1817	1.0664	 0.0762
2016-12-10	29.6788	-0.1844	0.0000	0.0956	29.5935	 0.3781	0.0327	1.0000	 1.1671	1.0760	 0.0858
2016-12-17	29.5801	-0.2832	0.0000	0.0315	29.2516	 0.0361	0.0329	0.5316	 0.9309	1.0870	 0.0967
2016-12-24	29.6191	-0.2441	0.0000	0.0115	29.5828	 0.3673	0.0329	1.0000	 1.3185	1.1132	 0.1229
2016-12-31	29.4172	-0.4461	0.0000	0.0140	29.6500	 0.4345	0.0329	1.0000	 1.4420	1.0996	 0.1094
2017-01-07	28.2504	-1.6128	0.0000	0.0000	29.0037	-0.2118	0.0329	0.2626	 0.8518	1.0956	 0.1053
2017-01-14	28.9032	-0.9601	0.0000	0.0000	28.8893	-0.3262	0.0329	0.0389	 0.7942	1.1045	 0.1142
2017-01-21	29.2084	-0.6549	0.0000	0.0000	28.6850	-0.5305	0.0329	0.0016	 0.6187	1.0933	 0.1030
2017-01-28	28.6651	-1.1981	0.0000	0.0000	28.5485	-0.6670	0.0329	0.0000	 0.5070	1.0687	 0.0784
2017-02-04	28.9700	-0.8933	0.0000	0.0000	28.7433	-0.4722	0.0329	0.1151	 0.7266	1.0899	 0.0995
2017-02-11	28.7634	-1.0998	0.0000	0.0000	28.6772	-0.5383	0.0289	0.0113	 0.6853	1.1026	 0.1123
2017-02-18	29.1451	-0.7182	0.0000	0.0000	28.3843	-0.8312	0.0091	0.0000	 0.3707	1.0805	 0.0902
2017-02-25	28.8500	-1.0132	0.0000	0.0000	28.6587	-0.5568	0.0002	0.0227	 0.5577	1.0965	 0.1062
2017-03-04	28.7851	-1.0782	0.0000	0.0000	28.7935	-0.4220	0.0002	0.0016	 0.6067	1.1021	 0.1118
2017-03-11	28.9652	-0.8980	0.0000	0.0000	28.8702	-0.3453	0.0000	0.0130	 0.5975	1.1077	 0.1175
2017-03-18	29.2401	-0.6232	0.0000	0.0000	28.8811	-0.3344	0.0000	0.0032	 0.4818	1.0590	 0.0687
2017-03-25	29.5528	-0.3104	0.0000	0.1456	29.2227	 0.0072	0.0000	0.4311	 0.6442	1.0596	 0.0693
2017-04-01	29.5183	-0.3450	0.0000	0.0151	29.0054	-0.2101	0.0000	0.1151	 0.2480	1.0953	 0.1050
2017-04-08	29.2632	-0.6001	0.0000	0.0000	29.0243	-0.1912	0.0000	0.0276	 0.0879	1.1039	 0.1136
2017-04-15	29.6900	-0.1732	0.0000	0.0332	29.5142	 0.2987	0.0000	0.9368	 0.3988	1.1052	 0.1149
2017-04-22	30.2676	 0.4043	0.0000	0.9787	29.8429	 0.6274	0.2470	1.0000	 0.7061	1.0948	 0.1045
2017-04-29	30.1156	 0.2524	0.0000	0.9487	29.7060	 0.4905	0.2791	1.0000	 0.5474	1.0497	 0.0594
2017-05-06	30.2071	 0.3439	0.0000	0.9855	29.9653	 0.7498	0.4161	1.0875	 0.7856	1.0514	 0.0611
2017-05-13	30.3587	 0.4955	0.0000	1.0000	29.9814	 0.7659	0.5427	1.1378	 0.7799	1.0534	 0.0631
2017-05-20	30.1620	 0.2988	0.0000	0.9831	29.8924	 0.6769	0.5711	1.1070	 0.7053	1.0718	 0.0815
2017-05-27	29.9014	 0.0381	0.0000	0.6352	29.7659	 0.5505	0.5833	1.0178	 0.6070	1.0861	 0.0958
2017-06-03	30.0048	 0.1416	0.0000	0.8983	29.7861	 0.5706	0.6598	1.0000	 0.6558	1.0346	 0.0443
2017-06-10	29.7352	-0.1280	0.0000	0.3457	29.5641	 0.3486	0.6598	0.9822	 0.4619	1.0829	 0.0926
2017-06-17	29.9178	 0.0545	0.0000	0.5364	29.3836	 0.1681	0.6598	0.6629	 0.3420	1.0784	 0.0881
2017-06-24	29.5645	-0.2988	0.0000	0.2582	29.1600	-0.0555	0.6598	0.4246	 0.2600	1.0412	 0.0509
2017-07-01	29.7542	-0.1090	0.0000	0.3079	29.4295	 0.2140	0.6598	0.8233	 0.6706	1.0314	 0.0411
2017-07-08	29.9367	 0.0735	0.0000	0.6977	29.5797	 0.3642	0.6598	0.9984	 0.9616	1.0883	 0.0980
2017-07-15	29.8601	-0.0032	0.0000	0.5339	29.4280	 0.2125	0.4126	0.8298	 0.9503	1.0587	 0.0684
2017-07-22	29.5284	-0.3349	0.0000	0.0000	29.3813	 0.1658	0.3804	0.8606	 0.8958	1.0782	 0.0879
2017-07-29	29.5226	-0.3407	0.0000	0.0739	29.5192	 0.3037	0.2434	1.0000	 1.0258	1.0692	 0.0789
2017-08-05	29.5114	-0.3519	0.0000	0.0434	29.2723	 0.0568	0.1177	0.5981	 0.7709	1.0742	 0.0839
2017-08-12	29.6011	-0.2622	0.0000	0.0309	29.3663	 0.1508	0.0894	0.8104	 0.8562	1.1014	 0.1111
2017-08-19	29.6599	-0.2033	0.0000	0.0347	29.1952	-0.0203	0.0772	0.5073	 0.6636	1.0606	 0.0703
2017-08-26	29.2859	-0.5774	0.0000	0.0000	29.1526	-0.0629	0.0007	0.2318	 0.5895	1.0370	 0.0468
2017-09-02	29.6829	-0.1803	0.0000	0.2030	29.5786	 0.3631	0.0007	0.8428	 0.9829	1.0834	 0.0931
2017-09-09	30.2758	 0.4125	0.0000	1.0000	30.1434	 0.9279	0.1248	1.3063	 1.5158	1.1058	 0.1155
2017-09-16	29.9578	 0.0946	0.0000	0.5807	29.8213	 0.6058	0.1888	1.0065	 1.1560	1.0756	 0.0853
2017-09-23	30.1881	 0.3249	0.0000	0.9157	29.7916	 0.5761	0.1972	0.9984	 1.0528	1.1068	 0.1166
2017-09-30	29.9756	 0.1124	0.0000	0.9165	29.6824	 0.4669	0.1974	1.0000	 0.8719	1.1147	 0.1244
2017-10-07	30.0798	 0.2166	0.0000	0.7786	30.1699	 0.9544	0.3314	1.4068	 1.2848	1.1135	 0.1232
2017-10-14	30.6227	 0.7595	0.0274	1.0332	29.7887	 0.5732	0.6412	1.0032	 0.8300	1.1029	 0.1127
2017-10-21	29.9334	 0.0702	0.0274	0.6051	29.4890	 0.2735	0.6429	0.9660	 0.5385	1.1159	 0.1256
2017-10-28	29.5723	-0.2910	0.0274	0.0182	29.2498	 0.0343	0.6422	0.5948	 0.3190	1.1161	 0.1258
2017-11-04	29.7722	-0.0910	0.0274	0.1867	29.5481	 0.3326	0.6422	1.0000	 0.6377	1.1465	 0.1562
2017-11-11	30.0740	 0.2108	0.0274	0.9835	29.4642	 0.2487	0.6424	1.0000	 0.5741	1.1379	 0.1476
2017-11-18	29.7344	-0.1288	0.0274	0.3761	29.5328	 0.3173	0.6429	0.8622	 0.7092	1.1270	 0.1368
2017-11-25	29.7832	-0.0800	0.0274	0.3521	29.2528	 0.0373	0.6429	0.6272	 0.5548	1.1232	 0.1329
2017-12-02	30.2805	 0.4173	0.0274	0.9988	29.7618	 0.5463	0.5187	1.0000	 1.1901	1.1466	 0.1563
2017-12-09	29.6802	-0.1830	0.0274	0.0487	29.2306	 0.0151	0.4547	0.6661	 0.7857	1.1201	 0.1298
2017-12-16	29.8972	 0.0340	0.0274	0.5843	29.3407	 0.1252	0.4463	0.8217	 1.0117	1.1168	 0.1265
2017-12-23	29.2489	-0.6144	0.0274	0.0000	28.6601	-0.5554	0.4461	0.0000	 0.3878	1.1422	 0.1519
2017-12-30	29.0251	-0.8382	0.0274	0.0000	28.9354	-0.2801	0.3121	0.0470	 0.7191	1.1417	 0.1514
2018-01-06	29.1114	-0.7518	0.0000	0.0000	28.8594	-0.3561	0.0024	0.0340	 0.6995	1.1479	 0.1576
2018-01-13	28.9335	-0.9298	0.0000	0.0000	29.1499	-0.0656	0.0007	0.2480	 1.0464	1.0957	 0.1055
2018-01-20	29.1123	-0.7509	0.0000	0.0000	28.5129	-0.7026	0.0007	0.0097	 0.4432	1.1093	 0.1190
2018-01-27	29.1532	-0.7100	0.0000	0.0000	28.8297	-0.3858	0.0007	0.0016	 0.7849	1.1052	 0.1149
2018-02-03	29.5101	-0.3532	0.0000	0.0687	28.9160	-0.2995	0.0005	0.0211	 0.8956	1.1225	 0.1322
2018-02-10	29.0069	-0.8563	0.0000	0.0000	28.7727	-0.4428	0.0000	0.0000	 0.7772	1.1033	 0.1130
2018-02-17	28.9110	-0.9523	0.0000	0.0000	28.7135	-0.5020	0.0000	0.0000	 0.7108	1.1297	 0.1394
2018-02-24	28.8774	-0.9858	0.0000	0.0000	28.7899	-0.4256	0.0000	0.0000	 0.7014	1.1020	 0.1117
2018-03-03	29.6370	-0.2263	0.0000	0.0907	29.2611	 0.0456	0.0000	0.6775	 1.0865	1.0993	 0.1090
2018-03-10	29.6551	-0.2081	0.0000	0.1434	29.4229	 0.2074	0.0000	0.9984	 1.1618	1.0947	 0.1044
2018-03-17	29.7114	-0.1519	0.0000	0.1332	29.5483	 0.3328	0.0000	0.9984	 1.1739	1.1394	 0.1491
2018-03-24	30.0362	 0.1730	0.0000	0.8455	29.2574	 0.0419	0.0000	0.6370	 0.7045	1.1286	 0.1383
2018-03-31	29.2034	-0.6598	0.0000	0.0000	29.0299	-0.1856	0.0000	0.0032	 0.2983	1.1434	 0.1531
2018-04-07	29.1980	-0.6652	0.0000	0.0000	29.1735	-0.0420	0.0000	0.3760	 0.2624	1.1496	 0.1593
2018-04-14	29.6067	-0.2565	0.0000	0.0348	29.5820	 0.3665	0.0000	1.0000	 0.4923	1.1141	 0.1237
2018-04-21	29.9458	 0.0826	0.0000	0.5728	29.4602	 0.2447	0.0000	0.9806	 0.3266	1.0653	 0.0750
2018-04-28	29.8907	 0.0275	0.0000	0.5930	29.3873	 0.1718	0.0000	0.9595	 0.2318	1.0404	 0.0501
2018-05-05	29.7476	-0.1156	0.0000	0.3891	29.5547	 0.3392	0.0000	0.9887	 0.3778	1.0583	 0.0680
2018-05-12	30.2868	 0.4236	0.0055	0.9832	29.8092	 0.5937	0.0012	1.0000	 0.6109	1.0395	 0.0492
2018-05-19	30.3082	 0.4450	0.0251	0.9508	29.8008	 0.5853	0.1158	1.0097	 0.6092	1.0604	 0.0701
2018-05-26	30.2231	 0.3599	0.0251	0.9995	29.8781	 0.6626	0.3613	1.0000	 0.7148	1.0962	 0.1059
2018-06-02	30.2939	 0.4306	0.0251	1.0000	29.7565	 0.5410	0.3613	1.0000	 0.6213	1.0826	 0.0923
2018-06-09	29.8602	-0.0031	0.0251	0.4363	29.7563	 0.5408	0.3672	1.0000	 0.6507	1.0615	 0.0712
2018-06-16	30.0376	 0.1744	0.0251	0.7544	29.5367	 0.3212	0.3928	0.9611	 0.4754	1.0847	 0.0945
2018-06-23	29.9755	 0.1123	0.0251	0.6352	29.7058	 0.4903	0.3982	0.9984	 0.7858	1.0714	 0.0810
2018-06-30	29.7826	-0.0807	0.0251	0.3377	29.6664	 0.4509	0.3982	0.9951	 0.8885	1.0740	 0.0837
2018-07-07	29.3806	-0.4827	0.0251	0.0999	29.3585	 0.1430	0.3982	0.7585	 0.7194	1.0580	 0.0677
2018-07-14	29.6900	-0.1733	0.0251	0.2328	29.3925	 0.1770	0.3982	0.6580	 0.8948	1.0762	 0.0859
2018-07-21	29.5068	-0.3565	0.0251	0.1590	29.2163	 0.0008	0.3982	0.5170	 0.7314	1.0913	 0.1010
2018-07-28	29.5058	-0.3575	0.0251	0.1096	29.2509	 0.0354	0.3982	0.6240	 0.7583	1.1026	 0.1123
2018-08-04	29.1204	-0.7429	0.0196	0.0000	28.4846	-0.7309	0.3971	0.0000	-0.0162	1.0653	 0.0750
2018-08-11	28.4655	-1.3977	0.0000	0.0000	28.5412	-0.6743	0.2821	0.0000	 0.0335	1.0624	 0.0721
2018-08-18	28.6268	-1.2365	0.0000	0.0000	28.3890	-0.8265	0.0369	0.0000	-0.1378	1.0416	 0.0513
2018-08-25	29.3226	-0.5407	0.0000	0.0114	29.1800	-0.0355	0.0369	0.4198	 0.6212	1.0317	 0.0414
2018-09-01	29.7255	-0.1377	0.0000	0.3209	29.6328	 0.4173	0.0310	0.9838	 1.0419	1.0351	 0.0448
2018-09-08	29.1054	-0.7579	0.0000	0.0000	28.9489	-0.2666	0.0054	0.0146	 0.3259	1.0103	 0.0200
2018-09-15	28.9862	-0.8770	0.0000	0.0000	28.5951	-0.6204	0.0000	0.0000	-0.0604	1.0046	 0.0143
2018-09-22	29.1291	-0.7341	0.0000	0.0000	28.9193	-0.2962	0.0000	0.0875	 0.1906	1.0086	 0.0183
2018-09-29	29.3575	-0.5057	0.0000	0.0306	29.2552	 0.0397	0.0000	0.5624	 0.4534	1.0436	 0.0533
2018-10-06	29.9548	 0.0916	0.0000	0.6824	29.5555	 0.3400	0.0010	0.9660	 0.6812	1.0343	 0.0441
2018-10-13	29.6690	-0.1942	0.0000	0.0837	29.6095	 0.3940	0.0053	0.9806	 0.6620	1.0049	 0.0146
2018-10-20	29.8213	-0.0420	0.0000	0.4274	29.5415	 0.3260	0.0053	1.0000	 0.5871	1.0341	 0.0438
2018-10-27	29.6619	-0.2014	0.0000	0.0754	29.7452	 0.5297	0.0053	1.0000	 0.8111	1.0464	 0.0561
2018-11-03	29.3253	-0.5380	0.0000	0.0000	29.3606	 0.1451	0.0053	0.9822	 0.4477	1.0417	 0.0514
2018-11-10	29.3537	-0.5096	0.0000	0.0328	29.4418	 0.2263	0.0053	1.0000	 0.5492	1.0600	 0.0697
2018-11-17	29.4654	-0.3978	0.0000	0.0058	29.2899	 0.0744	0.0053	0.7229	 0.4474	1.0587	 0.0684
2018-11-24	29.3912	-0.4720	0.0000	0.0011	29.1191	-0.0964	0.0053	0.1280	 0.4032	1.0834	 0.0931
2018-12-01	29.4994	-0.3639	0.0000	0.0104	29.3849	 0.1694	0.0053	0.9724	 0.7953	1.0815	 0.0912
2018-12-08	29.3612	-0.5021	0.0000	0.0000	28.8527	-0.3628	0.0053	0.0357	 0.3895	1.0533	 0.0630
2018-12-15	29.0815	-0.7817	0.0000	0.0000	29.0948	-0.1207	0.0053	0.2674	 0.7580	1.0416	 0.0513
2018-12-22	29.2982	-0.5651	0.0000	0.0000	29.0642	-0.1513	0.0053	0.0778	 0.7835	1.0349	 0.0446
2018-12-29	29.0308	-0.8325	0.0000	0.0000	29.0190	-0.1965	0.0043	0.0016	 0.7950	1.0746	 0.0843
2019-01-05	28.6378	-1.2254	0.0000	0.0000	28.6458	-0.5697	0.0000	0.0000	 0.4777	1.0479	 0.0576
2019-01-12	28.7804	-1.0829	0.0000	0.0000	28.8495	-0.3660	0.0000	0.0016	 0.7379	1.0519	 0.0617
2019-01-19	28.8104	-1.0528	0.0000	0.0000	28.5912	-0.6243	0.0000	0.0000	 0.5179	1.0744	 0.0841
2019-01-26	28.9950	-0.8683	0.0000	0.0000	28.7012	-0.5142	0.0000	0.0000	 0.6527	1.0918	 0.1015
2019-02-02	28.6023	-1.2610	0.0000	0.0000	28.4592	-0.7563	0.0000	0.0000	 0.4355	1.0866	 0.0964
2019-02-09	28.5179	-1.3454	0.0000	0.0000	28.6404	-0.5751	0.0000	0.0000	 0.6415	1.0763	 0.0860
2019-02-16	29.0075	-0.8558	0.0000	0.0000	28.5711	-0.6444	0.0000	0.0000	 0.5825	1.0726	 0.0823
2019-02-23	28.9926	-0.8706	0.0000	0.0000	28.8650	-0.3505	0.0000	0.0097	 0.7890	1.0813	 0.0910
2019-03-02	28.7898	-1.0734	0.0000	0.0000	28.5452	-0.6703	0.0000	0.0000	 0.3834	1.0749	 0.0846
2019-03-09	28.8995	-0.9638	0.0000	0.0000	28.8355	-0.3800	0.0000	0.0227	 0.5872	1.0279	 0.0376
2019-03-16	28.9651	-0.8982	0.0000	0.0000	28.6608	-0.5547	0.0000	0.0113	 0.3125	1.0235	 0.0332
2019-03-23	29.1210	-0.7422	0.0000	0.0041	28.7423	-0.4732	0.0000	0.0000	 0.2153	1.0469	 0.0566
2019-03-30	28.8241	-1.0391	0.0000	0.0000	29.1172	-0.0983	0.0000	0.4603	 0.4107	1.0541	 0.0638
2019-04-06	29.0046	-0.8586	0.0000	0.0000	29.4585	 0.0571	0.0000	0.8331	 0.5733	1.0526	 0.0623
2019-04-13	30.0103	 0.1471	0.0000	0.7684	29.7574	 0.4653	0.0733	0.9935	 0.6937	1.0432	 0.0529
2019-04-20	30.0573	 0.1940	0.0000	0.7709	29.6578	 0.4423	0.1020	1.0324	 0.5276	1.0432	 0.0529
2019-04-27	30.1008	 0.2376	0.0000	0.8363	29.6571	 0.4416	0.1297	1.0000	 0.5045	1.0473	 0.0570
2019-05-04	29.9386	 0.0754	0.0000	0.7431	29.7488	 0.5333	0.1283	0.9676	 0.5751	1.0460	 0.0557
2019-05-11	29.7128	-0.1504	0.0000	0.2091	29.4565	 0.2410	0.1283	0.8833	 0.2610	1.0528	 0.0625
2019-05-18	30.2919	 0.4286	0.0058	1.0071	29.8710	 0.6555	0.2628	1.0000	 0.6754	1.0405	 0.0502
2019-05-25	30.1642	 0.3009	0.0058	0.9864	29.9999	 0.7844	0.3039	1.0729	 0.8335	1.0383	 0.0480
2019-06-01	30.1357	 0.2724	0.0058	0.8783	29.9806	 0.7651	0.3932	1.0762	 0.8420	1.0130	 0.0227
2019-06-08	30.0394	 0.1762	0.0058	0.9128	29.9191	 0.7036	0.5136	1.0016	 0.8096	1.0513	 0.0610
2019-06-15	30.3099	 0.4467	0.0058	0.9717	29.8875	 0.6720	0.5804	1.0049	 0.8061	1.0457	 0.0554
2019-06-22	29.9800	 0.1168	0.0058	0.6774	29.4733	 0.2578	0.5853	0.9757	 0.5324	1.0242	 0.0339
2019-06-29	29.7212	-0.1420	0.0058	0.1346	29.0444	-0.1711	0.5853	0.1199	 0.2442	1.0269	 0.0367
2019-07-06	29.3741	-0.4892	0.0058	0.0000	29.1752	-0.0403	0.5129	0.4457	 0.5166	1.0149	 0.0246
2019-07-13	29.6654	-0.1979	0.0058	0.1457	29.1468	-0.0687	0.4841	0.2204	 0.6294	0.9815	-0.0087
2019-07-20	28.9235	-0.9398	0.0058	0.0000	28.8438	-0.3717	0.4570	0.0016	 0.3604	0.9785	-0.0118
2019-07-27	29.1234	-0.7398	0.0058	0.0022	28.6408	-0.5747	0.4570	0.0000	 0.1495	0.9722	-0.0181
2019-08-03	28.5190	-1.3442	0.0058	0.0000	28.3432	-0.8723	0.4570	0.0000	-0.1560	1.0070	 0.0167
2019-08-10	27.8587	-2.0046	0.0000	0.0000	27.5716	-1.6439	0.3224	0.0000	-0.9354	1.0102	 0.0199
2019-08-17	28.8951	-0.9682	0.0000	0.0000	29.0521	-0.1634	0.2814	0.3971	 0.5303	0.9922	 0.0019
2019-08-24	29.1936	-0.6696	0.0000	0.0605	28.8275	-0.3880	0.1922	0.0194	 0.2733	0.9954	 0.0051
2019-08-31	28.8145	-1.0487	0.0000	0.0000	28.7062	-0.5093	0.0720	0.0097	 0.1195	0.9818	-0.0084
2019-09-07	28.8777	-0.9855	0.0000	0.0000	28.5143	-0.7012	0.0050	0.0276	-0.1043	0.9801	-0.0102
2019-09-14	28.6058	-1.2574	0.0000	0.0000	28.1947	-1.0208	0.0000	0.0000	-0.4566	0.9784	-0.0119
2019-09-21	28.5348	-1.3284	0.0000	0.0000	28.6136	-0.6019	0.0000	0.0130	-0.1044	0.9857	-0.0046
2019-09-28	29.6304	-0.2329	0.0000	0.2316	29.3968	 0.1813	0.0000	0.7439	 0.6057	0.9763	-0.0140
2019-10-05	29.7678	-0.0954	0.0000	0.3447	29.5959	 0.3804	0.0058	0.9951	 0.7316	0.9986	 0.0083
2019-10-12	29.8965	 0.0332	0.0000	0.5420	29.8592	 0.6437	0.0410	1.0113	 0.9219	1.0024	 0.0121
2019-10-19	30.1873	 0.3240	0.0000	0.9371	29.9945	 0.7790	0.1599	1.0324	 1.0376	1.0321	 0.0418
2019-10-26	30.1042	 0.2409	0.0000	0.8875	30.0663	 0.8508	0.3192	1.1005	 1.1298	1.0187	 0.0284
2019-11-02	29.9920	 0.1288	0.0000	0.7721	29.7581	 0.5426	0.3735	1.0000	 0.8419	1.0062	 0.0159
2019-11-09	29.7858	-0.0774	0.0000	0.2820	29.3313	 0.1159	0.3779	0.8314	 0.4348	1.0463	 0.0559
2019-11-16	29.5506	-0.3127	0.0000	0.0303	29.5285	 0.3130	0.3779	0.8752	 0.6682	1.0659	 0.0756
2019-11-23	29.8152	-0.0481	0.0000	0.4079	29.8268	 0.6113	0.4275	1.0373	 1.0929	1.0575	 0.0672
2019-11-30	29.8618	-0.0015	0.0000	0.4884	29.7038	 0.4883	0.4867	1.0016	 1.0977	1.0274	 0.0371
2019-12-07	29.6731	-0.1901	0.0000	0.2640	29.6597	 0.4442	0.4875	1.0016	 1.1783	1.0596	 0.0693
2019-12-14	29.6950	-0.1683	0.0000	0.2646	29.3193	 0.1038	0.4878	0.7002	 0.9644	1.0650	 0.0747
2019-12-21	28.9194	-0.9438	0.0000	0.0004	29.0548	-0.1607	0.4878	0.1442	 0.7664	1.0537	 0.0634
2019-12-28	29.1613	-0.7020	0.0000	0.0270	29.0258	-0.1897	0.4821	0.1475	 0.7939	1.0242	 0.0339
2020-01-04	28.6987	-1.1645	0.0000	0.0000	28.6600	-0.5555	0.4466	0.0016	 0.4841	1.0675	 0.0422
2020-01-11	28.7498	-1.1135	0.0000	0.0000	28.6057	-0.6098	0.3277	0.0000	 0.4861	1.0888	 0.0634
2020-01-18	28.8294	-1.0338	0.0000	0.0000	28.8685	-0.3470	0.1686	0.0470	 0.7919	1.1014	 0.0767
2020-01-25	29.0926	-0.7706	0.0000	0.0076	29.2312	 0.0157	0.1142	0.5429	 1.1788	1.0689	 0.0446
2020-02-01	29.6689	-0.1943	0.0000	0.1681	29.1021	-0.1134	0.1099	0.2447	 1.0748	1.0675	 0.0419
2020-02-08	29.0839	-0.7794	0.0000	0.0000	29.1586	-0.0569	0.1099	0.3193	 1.1557	1.0779	 0.0525
2020-02-15	28.7038	-1.1594	0.0000	0.0000	28.7998	-0.4157	0.0603	0.0000	 0.8220	1.1194	 0.0942
2020-02-22	28.4985	-1.3647	0.0000	0.0000	28.6657	-0.5498	0.0011	0.0000	 0.6045	1.1263	 0.1011
2020-02-29	28.6849	-1.1783	0.0000	0.0000	28.9063	-0.3092	0.0003	0.0000	 0.7622	1.1317	 0.1065
2020-03-07	28.9901	-0.8732	0.0000	0.0000	28.9541	-0.2614	0.0000	0.0016	 0.7266	1.1320	 0.1064
2020-03-14	29.0292	-0.8341	0.0000	0.0000	29.1356	-0.0799	0.0000	0.3614	 0.8234	1.1055	 0.0800
2020-03-21	29.3778	-0.4855	0.0000	0.0551	28.9697	-0.2458	0.0000	0.2739	 0.4934	1.0968	 0.0714
2020-03-28	29.7131	-0.1501	0.0000	0.2727	29.5356	 0.3201	0.0000	0.8509	 0.8807	1.1234	 0.0978
2020-04-04	29.8144	-0.0488	0.0000	0.3651	29.6049	 0.3894	0.0000	1.0000	 0.7712	1.0950	 0.0703
2020-04-11	29.8837	 0.0205	0.0000	0.5313	29.6104	 0.3949	0.0012	1.0000	 0.5972	1.1039	 0.0787
2020-04-18	30.0271	 0.1639	0.0000	0.6260	29.6936	 0.4781	0.0371	1.0292	 0.5692	1.1202	 0.0945
2020-04-25	30.1455	 0.2823	0.0000	0.9771	30.0604	 0.8449	0.1081	1.2220	 0.9141	1.1372	 0.1116
2020-05-02	30.0141	 0.1509	0.0000	0.6856	30.1894	 0.9739	0.2622	1.5332	 1.0218	1.1144	 0.0893
2020-05-09	30.3658	 0.5025	0.0000	1.0000	30.2388	 1.0233	0.4650	1.5300	 1.0491	1.1445	 0.1186
2020-05-16	30.5007	 0.6375	0.0388	1.0449	30.5971	 1.3816	1.5490	1.9919	 1.3925	1.1584	 0.1325
2020-05-23	30.7232	 0.8599	0.3064	1.2995	30.1225	 0.9070	2.1745	1.3712	 0.9476	1.1598	 0.1346
2020-05-30	30.4898	 0.6265	0.3064	1.0000	30.1065	 0.8910	2.4700	1.1848	 0.9593	1.1522	 0.1271
2020-06-06	30.4704	 0.6071	0.3080	1.0020	30.3628	 1.1473	3.3184	2.2739	 1.2454	1.1578	 0.1324
2020-06-13	30.3319	 0.4687	0.3080	1.0000	30.1276	 0.9121	3.7746	1.3485	 1.0381	1.1430	 0.1177
2020-06-20	29.9960	 0.1328	0.3080	0.8506	29.8202	 0.6047	3.8123	1.0000	 0.8390	1.1363	 0.1107
2020-06-27	29.9159	 0.0527	0.3080	0.5214	29.4565	 0.2411	3.8123	0.9984	 0.6165	1.1422	 0.1168
2020-07-04	29.9484	 0.0851	0.3080	0.7056	29.6361	 0.4206	3.8111	1.0000	 0.9371	1.1470	 0.1211
2020-07-11	29.6155	-0.2478	0.3080	0.0548	29.4005	 0.1850	3.7752	0.8849	 0.8427	1.1489	 0.1231
2020-07-18	29.9350	 0.0718	0.3080	0.6357	29.6593	 0.4438	3.7042	0.9984	 1.1789	1.1500	 0.1248
2020-07-25	30.2182	 0.3549	0.3080	1.0000	29.7202	 0.5047	3.5522	1.0000	 1.2312	1.1282	 0.1023
2020-08-01	30.1728	 0.3095	0.3080	1.0000	29.5169	 0.3014	3.3495	1.0000	 1.0198	1.1063	 0.0802
2020-08-08	29.5240	-0.3393	0.2692	0.0074	29.3142	 0.0987	2.2654	0.6467	 0.8092	1.0827	 0.0569
2020-08-15	30.0962	 0.2329	0.0016	0.9034	29.7939	 0.5784	1.6399	1.0000	 1.2811	1.1081	 0.0820
2020-08-22	30.1727	 0.3094	0.0016	1.0000	29.9258	 0.7103	1.3446	1.0016	 1.3806	1.1415	 0.1161
2020-08-29	29.9689	 0.1057	0.0000	0.7933	30.0556	 0.8401	0.7243	1.1005	 1.4783	1.1428	 0.1170
2020-09-05	30.1973	 0.3340	0.0000	1.0000	29.7977	 0.5822	0.2808	1.0000	 1.1883	1.1410	 0.1151
2020-09-12	30.0808	 0.2176	0.0000	0.9350	29.7288	 0.5133	0.2514	1.0000	 1.0873	1.1088	 0.0830
2020-09-19	29.5477	-0.3156	0.0000	0.0583	29.2749	 0.0594	0.0594	0.7342	 0.5777	1.1205	 0.0950
2020-09-26	29.7247	-0.1385	0.0000	0.3451	29.5933	 0.3778	0.2514	0.9530	 0.8230	1.1389	 0.1132
2020-10-03	30.0127	 0.1494	0.0000	0.7597	29.8571	 0.6417	0.2633	1.0000	 1.0138	1.1383	 0.1124
2020-10-10	29.8439	-0.0194	0.0000	0.4164	29.7357	 0.5202	0.2714	1.0000	 0.8196	1.1323	 0.1062
2020-10-17	30.0597	 0.1965	0.0000	0.9163	29.6792	 0.4637	0.2693	1.0000	 0.7177	1.1851	 0.1578
2020-10-24	29.7509	-0.1124	0.0000	0.3605	29.2067	-0.0088	0.2693	0.3906	 0.2640	1.1944	 0.1686
2020-10-31	29.5100	-0.3532	0.0000	0.0000	29.2927	 0.0772	0.2693	0.7731	 0.3714	1.1995	 0.1732
2020-11-07	29.4990	-0.3643	0.0000	0.0052	29.2620	 0.0465	0.2693	0.5640	 0.3604	1.1791	 0.1530
2020-11-14	29.6534	-0.2099	0.0000	0.1091	29.5584	 0.3429	0.2691	0.9465	 0.6791	1.2053	 0.1793
2020-11-21	29.4886	-0.3746	0.0000	0.0000	29.5402	 0.3247	0.0408	0.9692	 0.7699	1.1795	 0.1538
2020-11-28	29.6448	-0.2185	0.0000	0.1418	29.5728	 0.3573	0.0280	1.0000	 0.9293	1.1711	 0.1450
2020-12-05	29.6645	-0.1987	0.0000	0.1090	29.4974	 0.2819	0.0200	0.9222	 0.9802	1.1853	 0.1597
2020-12-12	29.1269	-0.7363	0.0000	0.0000	29.3776	 0.1622	0.0200	0.9368	 0.9866	1.1960	 0.1707
2020-12-19	29.6615	-0.2017	0.0000	0.0324	29.1115	-0.1040	0.0200	0.2415	 0.8069	1.2094	 0.1839
2020-12-26	29.4178	-0.4454	0.0000	0.0038	29.3747	 0.1593	0.0082	0.9076	 1.1265	1.1872	 0.1623
2021-01-02	29.3382	-0.5251	0.0000	0.0000	28.9533	-0.2622	0.0000	0.0000	 0.7610	1.2057	 0.1800
2021-01-09	29.3412	-0.5221	0.0000	0.0000	29.2284	 0.0129	0.0000	0.5916	 1.0927	1.2119	 0.1868
2021-01-16	29.4984	-0.3649	0.0000	0.0031	29.1000	-0.1154	0.0000	0.2010	 1.0174	1.2153	 0.1900
2021-01-23	29.3146	-0.5486	0.0000	0.0000	28.7501	-0.4654	0.0000	0.0000	 0.6907	1.1896	 0.1649
2021-01-30	29.1399	-0.7233	0.0000	0.0000	28.6454	-0.5701	0.0000	0.0000	 0.6115	1.2049	 0.1798
2021-02-06	28.5981	-1.2651	0.0000	0.0000	28.4155	-0.8000	0.0000	0.0000	 0.4056	1.1882	 0.1641
2021-02-13	28.9105	-0.9527	0.0000	0.0502	28.9126	-0.3029	0.0000	0.0308	 0.9283	1.2270	 0.2021
2021-02-20	28.6749	-1.1883	0.0000	0.0000	28.6186	-0.5969	0.0000	0.0000	 0.5798	1.1989	 0.1740
2021-02-27	28.9617	-0.9016	0.0000	0.0000	29.2179	 0.0024	0.0000	0.4554	 1.0920	1.2135	 0.1895
2021-03-06	29.3675	-0.4957	0.0000	0.0000	29.0807	-0.1348	0.0000	0.0681	 0.8696	1.1830	 0.1575
2021-03-13	29.5306	-0.3327	0.0000	0.0237	29.3035	 0.0880	0.0000	0.9060	 1.0060	1.2011	 0.1756
2021-03-20	29.5318	-0.3314	0.0000	0.0426	29.1060	-0.1095	0.0000	0.2123	 0.6553	1.2062	 0.1808
2021-03-27	29.5111	-0.3521	0.0000	0.0537	29.1193	-0.0962	0.0052	0.0875	 0.4899	1.2034	 0.1782
2021-04-03	29.6083	-0.2550	0.0000	0.1318	29.5878	 0.3723	0.0052	1.0000	 0.7792	1.1936	 0.1688
2021-04-10	29.7941	-0.1458	0.0000	0.1545	29.5750	 0.3595	0.0052	1.0000	 0.5876	1.1976	 0.1721
2021-04-17	29.7324	-0.1309	0.0000	0.2375	29.7034	 0.4879	0.0052	1.0000	 0.5817	1.1859	 0.1605
2021-04-24	29.8620	-0.0013	0.0000	0.5030	29.4685	 0.2530	0.0052	0.8930	 0.3258	1.1583	 0.1329
2021-05-01	29.8144	-0.0489	0.0000	0.4148	29.7341	 0.5186	0.0052	1.0000	 0.5695	1.1622	 0.1360
2021-05-08	29.9636	 0.1004	0.0000	0.7050	29.4119	 0.1964	0.0052	0.9887	 0.2257	1.1398	 0.1144
2021-05-15	30.0179	 0.1546	0.0000	0.8987	29.9846	 0.7691	0.0271	1.0681	 0.7767	1.1571	 0.1314
2021-05-22	30.0629	 0.1997	0.0000	0.9590	29.7999	 0.5844	0.0271	1.0000	 0.6201	1.1441	 0.1191
2021-05-29	30.2019	 0.3387	0.0000	0.9915	30.3312	 1.1158	0.1788	1.8801	 1.1806	1.1630	 0.1384
2021-06-05	30.3599	 0.4967	0.0000	1.0000	30.1967	 0.9812	0.3849	1.4133	 1.0739	1.1747	 0.1505
2021-06-12	30.4856	 0.6224	0.0012	1.0015	30.2485	 1.0330	0.8618	1.7245	 1.1548	1.1929	 0.1678
2021-06-19	30.2048	 0.3416	0.0012	0.9577	30.0350	 0.8195	0.9954	1.0000	 1.0338	1.1639	 0.1390
2021-06-26	30.2643	 0.4011	0.0012	1.0000	29.9346	 0.7191	1.0016	1.0000	 1.0746	1.1517	 0.1264
2021-07-03	29.8142	-0.0491	0.0012	0.3543	29.6841	 0.4687	1.0016	1.0000	 0.9652	1.1739	 0.1490
2021-07-10	29.6309	-0.2324	0.0012	0.0660	29.3655	 0.1500	1.0016	0.8088	 0.7887	1.1321	 0.1065
2021-07-17	29.4381	-0.0165	0.0012	0.4588	29.3557	 0.1402	1.0016	0.6483	 0.8763	1.1402	 0.1152
2021-07-24	29.5904	-0.2728	0.0012	0.1567	29.2410	 0.0255	1.0016	0.4716	 0.7535	1.1399	 0.1146
2021-07-31	29.4521	-0.4111	0.0012	0.1326	29.3098	 0.0943	1.0016	0.6078	 0.8132	1.1550	 0.1292
2021-08-07	29.5472	-0.3161	0.0012	0.0235	29.6209	 0.4054	0.9797	1.0000	 1.1172	1.1845	 0.1588
2021-08-14	29.5694	-0.2939	0.0012	0.1392	29.5814	 0.3659	0.9797	1.0000	 1.0690	1.1785	 0.1524
2021-08-21	29.4820	-0.3813	0.0012	0.0276	29.7507	 0.5352	0.8297	1.0113	 1.2102	1.1685	 0.1424
2021-08-28	29.7181	-0.1452	0.0012	0.0691	29.5363	 0.3208	0.6248	0.8460	 0.9638	1.1464	 0.1205
2021-09-04	29.6226	-0.2407	0.0000	0.1576	29.3915	 0.1760	0.1479	0.8558	 0.7865	1.1579	 0.1327
2021-09-11	29.8158	-0.0474	0.0000	0.3896	29.5115	 0.2960	0.0091	1.0000	 0.8749	1.1684	 0.1428
2021-09-18	29.6280	-0.2353	0.0000	0.1164	29.5625	 0.3470	0.0029	0.9903	 0.8762	1.2062	 0.1801
2021-09-25	29.6015	-0.2617	0.0000	0.0017	29.2746	 0.0591	0.0029	0.6953	 0.5148	1.2200	 0.1940
2021-10-02	29.7954	-0.0679	0.0000	0.2100	29.9503	 0.7348	0.0094	1.0421	 1.1176	1.2066	 0.1813
2021-10-09	29.8494	-0.0139	0.0000	0.3870	29.5180	 0.3025	0.0096	1.0000	 0.6120	1.1977	 0.1725
2021-10-16	29.8551	-0.0081	0.0000	0.5235	29.7797	 0.5642	0.0096	1.0000	 0.8120	1.1964	 0.1708
2021-10-23	29.9853	 0.1221	0.0000	0.6820	29.8048	 0.5893	0.0096	1.0000	 0.8594	1.1917	 0.1660
2021-10-30	29.9699	 0.1066	0.0000	0.8126	29.8429	 0.6274	0.0105	1.0000	 0.9172	1.1884	 0.1629
2021-11-06	30.3921	 0.5288	0.0000	1.0000	30.3174	 1.1019	0.3805	1.8088	 1.4131	1.1993	 0.1741
2021-11-13	30.2702	 0.4070	0.0000	1.0000	29.7721	 0.5566	0.6000	1.0000	 0.8865	1.2159	 0.1900
2021-11-20	29.8419	-0.0213	   NaN	0.4186	29.7157	 0.5002	0.5988	1.0000	 0.9277	1.2198	 0.1949
2021-11-27	29.8970	 0.0338	   NaN	0.5428	29.7196	 0.5041	0.6102	1.0000	 1.0579	1.2003	 0.1761
2021-12-04	29.7721	-0.0912	   NaN	0.2447	29.1898	-0.0257	0.6102	0.4149	 0.6544	1.2318	 0.2067
2021-12-11	29.5664	-0.2969	   NaN	0.0675	29.4162	 0.2007	0.6102	0.7504	 1.0071	1.2014	 0.1766
2021-12-18	29.4259	-0.4374	   NaN	0.0000	29.4916	 0.2761	0.6102	1.0000	 1.1790	1.2161	 0.1906
2021-12-25	29.6036	-0.2596	   NaN	0.2375	29.3105	 0.0950	0.6037	0.6353	 1.0544	1.2305	 0.2051
2022-01-01	29.5968	-0.2664	   NaN	0.1433	29.0555	-0.1600	0.6035	0.1605	 0.8553	1.1984	 0.1730
2022-01-08	29.2273	-0.6359	   NaN	0.0110	28.5176	-0.6979	0.6035	0.0000	 0.3740	1.1794	 0.1539
2022-01-15	28.7884	-1.0748	   NaN	0.0000	28.5710	-0.6445	0.6035	0.0000	 0.4836	1.1743	 0.1488
2022-01-22	28.7730	-1.0903	   NaN	0.0000	28.5304	-0.6851	0.6025	0.0000	 0.4681	1.1662	 0.1407
2022-01-29	29.0464	-0.8168	   NaN	0.0000	28.9689	-0.2466	0.2326	0.0405	 0.9310	1.1937	 0.1682
2022-02-05	29.5955	-0.2677	   NaN	0.0211	29.0177	-0.1978	0.0114	0.0000	 1.0049	1.1900	 0.1645
2022-02-12	29.0410	-0.8222	   NaN	0.0000	28.8354	-0.3801	0.0114	0.0016	 0.8468	1.1865	 0.1610
2022-02-19	29.3987	-0.4645	   NaN	0.0000	28.8818	-0.3337	0.0000	0.0000	 0.8541	1.2297	 0.2042
2022-02-26	29.3796	-0.4836	   NaN	0.0000	29.0245	-0.1910	0.0000	0.0130	 0.9114	1.2038	 0.1784
2022-03-05	28.6681	-1.1951	   NaN	0.0000	28.9335	-0.2819	0.0000	0.0000	 0.7344	1.1795	 0.1541
2022-03-12	29.1380	-0.7253	   NaN	0.0000	29.0676	-0.1479	0.0000	0.1361	 0.7814	1.2001	 0.1747
2022-03-26	29.8262	-0.0370	   NaN	0.3975	29.5799	 0.3644	0.0000	0.9870	 0.9755	1.1686	 0.1431
2022-04-02	29.8859	 0.0227	   NaN	0.5452	29.5287	 0.3132	0.0000	0.9870	 0.7456	1.1480	 0.1226
2022-04-16	29.4298	-0.4334	   NaN	0.0000	29.2263	 0.0108	0.0000	0.5851	 0.1077	1.2071	 0.1817
2022-04-23	29.7567	-0.1066	   NaN	0.2751	29.7652	 0.5497	0.0000	1.0000	 0.6252	1.1376	 0.1121
2022-04-30	29.9515	 0.0883	   NaN	0.5651	29.6583	 0.4428	0.0000	1.0000	 0.4980	1.1836	 0.1583
2022-05-07	30.0134	 0.1501	   NaN	0.8648	30.2365	 1.0210	0.2382	1.6434	 1.0532	1.2413	 0.2162
2022-05-14	29.7869	-0.0763	   NaN	0.3379	29.6801	 0.4646	0.4335	1.0000	 0.4756	1.2571	 0.2316
2022-05-21	29.9039	 0.0406	   NaN	0.6706	29.8140	 0.5985	0.4377	1.0000	 0.6304	1.2150	 0.1895
2022-05-28	29.7095	-0.1538	   NaN	0.1732	29.4885	 0.2730	0.4377	1.0000	 0.3344	1.2052	 0.1798
2022-06-11	29.7972	-0.0661	   NaN	0.2971	29.6162	 0.4007	0.4476	1.0000	 0.5186	1.1617	 0.1369
