tanggal	sst_mur	hs_mur	dhw_mur	ba_mur	sst_ct5km	hs_ct5km	dhw_ct5km	ba_ct5km	ssta_ct5km	adt	sla
2016-01-02	29.1561	-0.2065	0.0000	0.3352	28.9689	 0.2879	 0.2817	0.7660	 0.4911	0.9416	 0.0985
2016-01-09	29.4800	 0.1174	0.0000	0.5024	29.3974	 0.7164	 0.4855	1.3191	 0.9040	0.8932	 0.0502
2016-01-16	30.5335	 1.1709	1.1413	1.9696	29.9053	 1.2243	 1.1279	2.0000	 1.4000	0.8475	 0.0044
2016-01-23	30.6392	 1.2766	2.4179	2.0000	29.3602	 0.6791	 2.1951	1.1915	 0.8700	0.8597	 0.0166
2016-01-30	28.8791	-0.4835	2.4179	0.0000	28.9379	 0.2568	 2.2011	0.9787	 0.4570	0.9084	 0.0653
2016-02-06	28.8772	-0.4854	2.4179	0.0000	29.4519	 0.7709	 2.2011	1.0000	 0.9855	0.9223	 0.0793
2016-02-13	29.3116	-0.0510	2.4179	0.4128	29.5483	 0.8672	 2.4896	1.5106	 1.0947	0.9249	 0.0819
2016-02-20	29.6723	 0.3097	2.4463	0.6784	29.8553	 1.1743	 2.8726	1.8723	 1.4317	0.9286	 0.0856
2016-02-27	29.6573	 0.2947	2.4463	0.9856	29.1006	 0.4196	 3.2262	1.0000	 0.7157	0.8740	 0.0310
2016-03-05	29.7559	 0.3933	2.4463	0.9464	29.7830	 1.1019	 3.1772	1.8936	 1.4377	0.8643	 0.0212
2016-03-12	30.4205	 1.0579	3.1278	1.6872	30.1281	 1.4470	 4.5191	2.5319	 1.8209	0.8160	-0.0271
2016-03-19	30.3861	 1.0235	3.7665	2.0176	29.9502	 1.2691	 5.3919	2.8085	 1.6119	0.8678	 0.0247
2016-03-26	30.2159	 0.8533	3.9010	1.2480	30.0536	 1.3726	 6.8706	3.2979	 1.6309	0.9058	 0.0628
2016-04-02	30.2084	 0.8458	3.9710	1.1368	29.9391	 1.2581	 8.1060	3.3404	 1.4313	0.9476	 0.1045
2016-04-09	29.9152	 0.5526	2.8297	1.0000	30.0985	 1.4174	 8.9613	3.5745	 1.5062	0.9354	 0.0924
2016-04-16	30.0074	 0.6448	1.5531	1.0000	29.9909	 1.3098	 9.1523	3.5745	 1.3379	0.9031	 0.0600
2016-04-23	29.9282	 0.5656	1.5531	1.0000	29.7826	 1.1015	10.4883	3.3191	 1.2145	0.9037	 0.0607
2016-04-30	29.9440	 0.5814	1.5934	0.9152	30.0036	 1.3226	11.5209	4.0000	 1.5217	0.9084	 0.0653
2016-05-07	30.0601	 0.6975	1.7273	1.1496	30.2760	 1.5949	12.4668	4.0000	 1.8772	0.9410	 0.0978
2016-05-14	29.8682	 0.5056	1.6990	1.0000	29.6253	 0.9443	13.0981	1.6383	 1.3115	0.9807	 0.1377
2016-05-21	29.9877	 0.6251	1.6990	0.9664	30.1883	 1.5072	14.0200	3.6809	 1.9713	1.0146	 0.1716
2016-05-28	29.6913	 0.3287	1.6990	0.8688	29.6381	 0.9570	14.7200	2.2766	 1.5209	1.0849	 0.2418
2016-06-04	29.6841	 0.3215	1.0175	0.8608	29.6643	 0.9832	13.7662	2.0851	 1.6462	1.1890	 0.3459
2016-06-11	29.6870	 0.3244	0.3788	0.7152	29.4226	 0.7415	13.2557	1.3191	 1.5036	1.1682	 0.3251
2016-06-18	29.0419	-0.3207	0.2442	0.0000	28.9723	 0.2913	11.9394	0.9787	 1.1909	1.0432	 0.2001
2016-06-25	29.4153	 0.0527	0.1742	0.5280	29.1917	 0.5106	10.5013	1.0000	 1.6009	1.1166	 0.2735
2016-07-02	29.7025	 0.3399	0.1742	0.8480	29.4415	 0.7604	 9.0385	1.5106	 2.0406	1.1451	 0.3021
2016-07-09	29.4663	 0.1037	0.1742	0.7000	28.9185	 0.2374	 7.9098	1.0000	 1.7074	1.0173	 0.1742
2016-07-16	29.0760	-0.2866	0.1742	0.0000	28.7460	 0.0649	 6.5668	0.6809	 1.7083	0.9085	 0.0655
2016-07-23	28.4905	-0.8721	0.1339	0.0000	28.5991	-0.0819	 5.5349	0.4468	 1.6596	0.9218	 0.0788
2016-07-30	28.0749	-1.2877	0.0000	0.0000	28.2760	-0.4051	 4.3011	0.0000	 1.4291	0.9825	 0.1394
2016-08-06	28.1816	-1.1810	0.0000	0.0000	28.1555	-0.5255	 3.2870	0.0000	 1.4040	0.9540	 0.1110
2016-08-13	28.2884	-1.0742	0.0000	0.0000	28.0421	-0.6389	 1.9517	0.0000	 1.3832	0.8864	 0.0433
2016-08-20	27.9602	-1.4024	0.0000	0.0000	27.8494	-0.8317	 1.1053	0.0000	 1.2098	0.8301	-0.0130
2016-08-27	27.7851	-1.5775	0.0000	0.0000	27.9560	-0.7251	 0.7177	0.0000	 1.3053	0.8875	 0.0444
2016-09-03	28.0587	-1.3039	0.0000	0.0000	27.8536	-0.8274	 0.3551	0.0000	 1.1930	0.9955	 0.1524
2016-09-10	27.7318	-1.6308	0.0000	0.0000	27.8011	-0.8800	 0.1647	0.0000	 1.1294	0.9514	 0.1083
2016-09-17	27.9405	-1.4221	0.0000	0.0000	28.5894	-0.0917	 0.1647	0.4255	 1.8581	0.9332	 0.0902
2016-09-24	28.3750	-0.9876	0.0000	0.0000	28.6130	-0.0681	 0.1304	0.5106	 1.7096	0.9587	 0.1157
2016-10-01	29.1442	-0.2184	0.0000	0.0096	28.9294	 0.2483	 0.0000	1.0000	 1.8532	1.0391	 0.1961
2016-10-08	29.1812	-0.1814	0.0000	0.1752	28.4355	-0.2455	 0.0000	0.2766	 1.1853	1.0622	 0.2191
2016-10-15	29.1706	-0.1920	0.0000	0.1880	29.2849	 0.6038	 0.0000	1.0000	 1.8611	0.9967	 0.1537
2016-10-22	28.6046	-0.7580	0.0000	0.0000	28.9134	 0.2323	 0.0000	1.0000	 1.2785	1.0312	 0.1881
2016-10-29	29.0616	-0.3010	0.0000	0.1688	29.2068	 0.5257	 0.0000	1.0000	 1.3604	1.0361	 0.1930
2016-11-05	29.2355	-0.1271	0.0000	0.3920	28.8985	 0.2174	 0.0164	0.7447	 0.8413	1.0438	 0.2008
2016-11-12	29.8108	 0.4483	0.0000	0.8640	29.6557	 0.9747	 0.3049	1.3830	 1.3877	1.0334	 0.1904
2016-11-19	29.5709	 0.2083	0.0000	0.7824	29.6162	 0.9351	 0.6449	1.3830	 1.2455	1.0404	 0.1973
2016-11-26	29.6909	 0.3283	0.0000	1.0000	29.8794	 1.1983	 1.4902	2.0000	 1.4894	1.0326	 0.1895
2016-12-03	30.1522	 0.7896	0.3836	1.3456	29.6636	 0.9826	 2.5309	1.5106	 1.2540	1.0328	 0.1897
2016-12-10	30.0142	 0.6516	0.3836	1.0000	29.4387	 0.7577	 2.8781	1.4255	 1.0098	1.0957	 0.2527
2016-12-17	30.0034	 0.6408	0.3836	1.0000	29.0926	 0.4115	 3.0479	1.0000	 0.6468	1.1127	 0.2696
2016-12-24	28.6232	-0.7394	0.3836	0.0000	28.8247	 0.1436	 3.0479	0.8085	 0.3643	1.1245	 0.2814
2016-12-31	28.4802	-0.8824	0.3836	0.0000	28.6643	-0.0168	 3.0479	0.4043	 0.1872	1.0534	 0.2104
2017-01-07	28.2244	-1.1382	0.3836	0.0000	28.7111	 0.0300	 3.0479	0.5106	 0.2217	1.0244	 0.1814
2017-01-14	28.6779	-0.6847	0.3836	0.0000	28.6536	-0.0274	 3.0479	0.3617	 0.1481	1.0549	 0.2118
2017-01-21	28.8171	-0.5455	0.3836	0.0000	28.6879	 0.0068	 3.0479	0.4043	 0.1934	1.0620	 0.2189
2017-01-28	28.9554	-0.4072	0.3836	0.3072	28.7740	 0.0930	 3.0315	0.5745	 0.2915	1.0455	 0.2024
2017-02-04	28.2625	-1.1001	0.3836	0.0000	27.8753	-0.8057	 2.7434	0.0000	-0.5947	1.0372	 0.1942
2017-02-11	28.6196	-0.7430	0.3836	0.0000	28.4796	-0.2015	 2.4034	0.0000	 0.0223	1.0170	 0.1740
2017-02-18	28.4249	-0.9377	0.3836	0.0000	28.2619	-0.4191	 1.5585	0.0000	-0.1709	0.9479	 0.1047
2017-02-25	28.4482	-0.9144	0.0000	0.0000	28.6896	 0.0085	 0.5174	0.3830	 0.2966	0.9210	 0.0779
2017-03-04	29.1131	-0.2495	0.0000	0.0000	29.0662	 0.3851	 0.1702	1.0000	 0.7134	0.8488	 0.0058
2017-03-11	28.9203	-0.4423	0.0000	0.0000	29.3347	 0.6536	 0.0000	1.0000	 1.0215	0.8921	 0.0491
2017-03-18	29.5300	 0.1674	0.0000	0.8632	29.2921	 0.6111	 0.0000	1.0000	 0.9660	0.9146	 0.0716
2017-03-25	28.8549	-0.5077	0.0000	0.0024	29.1679	 0.4868	 0.0000	1.0000	 0.7572	0.9900	 0.1470
2017-04-01	29.2478	-0.1148	0.0000	0.4120	28.8838	 0.2028	 0.0000	1.0000	 0.3885	1.0097	 0.1667
2017-04-08	28.8731	-0.4895	0.0000	0.0000	29.1121	 0.4311	 0.0000	1.0000	 0.5321	0.9560	 0.1130
2017-04-15	28.9445	-0.4181	0.0000	0.0088	28.9557	 0.2747	 0.0000	0.8723	 0.2906	0.9548	 0.1117
2017-04-22	29.5617	 0.1991	0.0000	1.0000	29.5834	 0.9023	 0.0291	1.1915	 1.0030	0.9513	 0.1082
2017-04-29	29.9688	 0.6063	0.0000	1.0000	29.5519	 0.8709	 0.5489	1.3191	 1.0560	0.9536	 0.1105
2017-05-06	29.4940	 0.1314	0.0000	0.7592	29.4366	 0.7555	 0.8053	1.1277	 1.0264	0.9475	 0.1044
2017-05-13	29.5775	 0.2149	0.0000	0.9848	29.1064	 0.4253	 1.0583	0.8936	 0.7811	0.8673	 0.0243
2017-05-20	29.0636	-0.2990	0.0000	0.0000	28.7002	 0.0191	 1.0583	0.6383	 0.4694	0.8629	 0.0199
2017-05-27	28.6351	-0.7275	0.0000	0.0000	28.7077	 0.0266	 1.0583	0.6383	 0.5766	0.8654	 0.0223
2017-06-03	28.1534	-1.2092	0.0000	0.0000	28.1213	-0.5598	 1.0583	0.0000	 0.0885	0.9478	 0.1047
2017-06-10	28.2797	-1.0829	0.0000	0.0000	28.3549	-0.3262	 1.0583	0.0000	 0.4219	0.9934	 0.1504
2017-06-17	28.2203	-1.1423	0.0000	0.0000	28.2711	-0.4100	 1.0583	0.0000	 0.4626	0.9227	 0.0796
2017-06-24	28.4189	-0.9437	0.0000	0.0000	27.9909	-0.6902	 1.0583	0.0000	 0.3728	0.8454	 0.0024
2017-07-01	27.7006	-1.6620	0.0000	0.0000	27.9557	-0.7253	 1.0583	0.0000	 0.5279	0.8004	-0.0426
2017-07-08	28.0338	-1.3288	0.0000	0.0000	27.5711	-1.1100	 1.0583	0.0000	 0.3330	0.8014	-0.0417
2017-07-15	27.6388	-1.7238	0.0000	0.0000	27.8053	-0.8757	 1.0294	0.0000	 0.7572	0.8066	-0.0365
2017-07-22	27.8578	-1.5048	0.0000	0.0000	27.9009	-0.7802	 0.5089	0.0000	 0.9468	0.8373	-0.0057
2017-07-29	27.6159	-1.7467	0.0000	0.0000	27.4300	-1.2511	 0.2526	0.0000	 0.5706	0.8192	-0.0239
2017-08-05	27.2131	-2.1495	0.0000	0.0000	27.1904	-1.4906	 0.0000	0.0000	 0.4236	0.7967	-0.0464
2017-08-12	26.8886	-2.4740	0.0000	0.0000	27.1891	-1.4919	 0.0000	0.0000	 0.5179	0.7669	-0.0761
2017-08-19	27.5287	-1.8339	0.0000	0.0000	27.2013	-1.4798	 0.0000	0.0000	 0.5617	0.7876	-0.0554
2017-08-26	27.2430	-2.1196	0.0000	0.0000	27.4168	-1.2643	 0.0000	0.0000	 0.7696	0.7453	-0.0978
2017-09-02	27.4962	-1.8664	0.0000	0.0000	27.3655	-1.3155	 0.0000	0.0000	 0.7072	0.7941	-0.0490
2017-09-09	27.4501	-1.9125	0.0000	0.0000	27.3132	-1.3679	 0.0000	0.0000	 0.6428	0.7831	-0.0599
2017-09-16	26.8599	-2.5027	0.0000	0.0000	27.3191	-1.3619	 0.0000	0.0000	 0.6160	0.8058	-0.0373
2017-09-23	27.5426	-1.8200	0.0000	0.0000	27.6970	-0.9840	 0.0000	0.0000	 0.8187	0.8119	-0.0311
2017-09-30	27.2980	-2.0646	0.0000	0.0000	27.8794	-0.8017	 0.0000	0.0000	 0.8289	0.8437	 0.0006
2017-10-07	27.9729	-1.3897	0.0000	0.0000	27.9300	-0.7511	 0.0000	0.0000	 0.7040	0.8196	-0.0235
2017-10-14	28.1156	-1.2470	0.0000	0.0000	28.1094	-0.5717	 0.0000	0.0000	 0.7089	0.8620	 0.0190
2017-10-21	28.1855	-1.1771	0.0000	0.0000	27.8223	-0.8587	 0.0000	0.0000	 0.2177	0.9258	 0.0827
2017-10-28	28.1609	-1.2017	0.0000	0.0000	28.6153	-0.0657	 0.0000	0.5319	 0.7996	0.9161	 0.0730
2017-11-04	29.3000	-0.0625	0.0000	0.2664	29.0081	 0.3270	 0.0000	1.0000	 0.9811	0.8893	 0.0462
2017-11-11	29.1979	-0.1647	0.0000	0.0912	28.9806	 0.2996	 0.0000	0.9787	 0.7428	0.9055	 0.0625
2017-11-18	28.9380	-0.4246	0.0000	0.0000	29.2228	 0.5417	 0.0000	1.0000	 0.8560	0.9524	 0.1093
2017-11-25	28.9088	-0.4538	0.0000	0.0000	29.0494	 0.3683	 0.0000	0.9787	 0.6621	1.0038	 0.1608
2017-12-02	29.3953	 0.0327	0.0000	0.5136	29.1509	 0.4698	 0.0000	1.0000	 0.7440	1.1139	 0.2709
2017-12-09	27.9266	-1.4360	0.0000	0.0000	28.6198	-0.0613	 0.0000	0.2979	 0.1930	1.1097	 0.2667
2017-12-16	28.5722	-0.7904	0.0000	0.0000	28.8583	 0.1772	 0.0000	0.8511	 0.4147	1.0785	 0.2355
2017-12-23	28.3910	-0.9716	0.0000	0.0000	28.5647	-0.1164	 0.0000	0.2766	 0.1049	1.0491	 0.2062
2017-12-30	28.6771	-0.6855	0.0000	0.0000	28.3826	-0.2985	 0.0000	0.0000	-0.0896	0.9974	 0.1543
2018-01-06	29.3488	-0.0138	0.0000	0.4640	28.6596	-0.0215	 0.0000	0.2766	 0.1709	0.9670	 0.1239
2018-01-13	29.4241	 0.0615	0.0000	0.5768	28.6477	-0.0334	 0.0000	0.3191	 0.1443	1.0358	 0.1927
2018-01-20	28.6386	-0.7240	0.0000	0.0000	28.1332	-0.5479	 0.0000	0.0000	-0.3647	1.0279	 0.1849
2018-01-27	28.6373	-0.7253	0.0000	0.0000	28.0700	-0.6111	 0.0000	0.0000	-0.4147	1.0456	 0.2026
2018-02-03	28.1622	-1.2004	0.0000	0.0000	28.2770	-0.4040	 0.0000	0.0000	-0.1947	1.0324	 0.1894
2018-02-10	28.3585	-1.0041	0.0000	0.0000	28.1289	-0.5521	 0.0000	0.0000	-0.3296	0.9469	 0.1038
2018-02-17	28.3484	-1.0142	0.0000	0.0000	28.5360	-0.1451	 0.0000	0.3191	 0.0970	0.9498	 0.1068
2018-02-24	28.3921	-0.9705	0.0000	0.0000	28.5802	-0.1009	 0.0000	0.2766	 0.1813	0.9387	 0.0957
2018-03-03	29.0513	-0.3113	0.0000	0.0000	28.6628	-0.0183	 0.0000	0.4255	 0.3038	0.8717	 0.0287
2018-03-10	29.3536	-0.0090	0.0000	0.4912	29.2700	 0.5889	 0.0032	1.0000	 0.9519	0.8703	 0.0272
2018-03-17	28.9452	-0.4174	0.0000	0.0000	29.0957	 0.4147	 0.0032	1.0000	 0.7821	0.8692	 0.0262
2018-03-24	28.8656	-0.4970	0.0000	0.0000	29.0787	 0.3977	 0.0032	1.0000	 0.6798	0.8959	 0.0530
2018-03-31	29.0690	-0.2936	0.0000	0.0168	29.0015	 0.3204	 0.0032	1.0000	 0.5183	0.9438	 0.1008
2018-04-07	29.6034	 0.2408	0.0000	1.0000	29.7351	 1.0540	 0.1717	1.8936	 1.1666	0.9818	 0.1388
2018-04-14	29.5617	 0.1991	0.0000	0.9832	29.7657	 1.0847	 0.5168	1.7234	 1.1132	0.9503	 0.1072
2018-04-21	29.8824	 0.5198	0.0000	1.0000	29.6123	 0.9313	 1.2215	1.4255	 1.0198	0.8867	 0.0437
2018-04-28	29.3846	 0.0220	0.0000	0.6072	29.3828	 0.7017	 1.4572	1.0000	 0.8753	0.8899	 0.0468
2018-05-05	29.1691	-0.1935	0.0000	0.3696	29.2753	 0.5943	 1.4572	0.8511	 0.8530	0.9131	 0.0701
2018-05-12	29.3528	-0.0098	0.0000	0.6336	28.8602	 0.1791	 1.4572	0.7447	 0.5223	0.9096	 0.0665
2018-05-19	28.2281	-1.1345	0.0000	0.0000	28.5132	-0.1679	 1.4572	0.5532	 0.2683	0.8602	 0.0171
2018-05-26	28.0386	-1.3240	0.0000	0.0000	28.3470	-0.3340	 1.4572	0.0000	 0.2013	0.8622	 0.0191
2018-06-02	28.5578	-0.8048	0.0000	0.0000	28.4513	-0.2298	 1.4540	0.1064	 0.4047	0.8913	 0.0482
2018-06-09	28.5789	-0.7837	0.0000	0.0000	28.6194	-0.0617	 1.4540	0.5106	 0.6726	0.8985	 0.0554
2018-06-16	28.3516	-1.0110	0.0000	0.0000	28.3343	-0.3468	 1.4540	0.0000	 0.4994	0.8886	 0.0455
2018-06-23	27.9482	-1.4144	0.0000	0.0000	27.9889	-0.6921	 1.4540	0.0000	 0.3436	0.8437	 0.0005
2018-06-30	27.6355	-1.7271	0.0000	0.0000	27.5443	-1.1368	 1.2862	0.0000	 0.0911	0.8097	-0.0333
2018-07-07	27.3637	-1.9989	0.0000	0.0000	27.5574	-1.1236	 0.9411	0.0000	 0.2926	0.8337	-0.0094
2018-07-14	27.4519	-1.9107	0.0000	0.0000	27.4379	-1.2432	 0.2353	0.0000	 0.3630	0.7716	-0.0715
2018-07-21	27.0365	-2.3261	0.0000	0.0000	27.1083	-1.5728	 0.0000	0.0000	 0.1419	0.7871	-0.0560
2018-07-28	27.1248	-2.2378	0.0000	0.0000	27.2540	-1.4270	 0.0000	0.0000	 0.3809	0.8293	-0.0137
2018-08-04	26.5587	-2.8039	0.0000	0.0000	26.9332	-1.7479	 0.0000	0.0000	 0.1547	0.8695	 0.0264
2018-08-11	26.9180	-2.4446	0.0000	0.0000	26.9857	-1.6953	 0.0000	0.0000	 0.3006	0.8143	-0.0288
2018-08-18	27.0223	-2.3403	0.0000	0.0000	27.0951	-1.5860	 0.0000	0.0000	 0.4609	0.8228	-0.0203
2018-08-25	26.9007	-2.4619	0.0000	0.0000	26.8491	-1.8319	 0.0000	0.0000	 0.2019	0.8197	-0.0233
2018-09-01	26.7731	-2.5895	0.0000	0.0000	27.0030	-1.6781	 0.0000	0.0000	 0.3447	0.8661	 0.0230
2018-09-08	26.9921	-2.3705	0.0000	0.0000	26.9047	-1.7764	 0.0000	0.0000	 0.2353	0.8193	-0.0238
2018-09-15	27.0202	-2.3424	0.0000	0.0000	27.3017	-1.3794	 0.0000	0.0000	 0.6213	0.7646	-0.0785
2018-09-22	27.4673	-1.8953	0.0000	0.0000	27.4621	-1.2189	 0.0000	0.0000	 0.6085	0.7682	-0.0749
2018-09-29	27.2691	-2.0935	0.0000	0.0000	27.6311	-1.0500	 0.0000	0.0000	 0.6030	0.7477	-0.0954
2018-10-06	27.7447	-1.6179	0.0000	0.0000	27.7334	-0.9477	 0.0000	0.0000	 0.5332	0.7667	-0.0764
2018-10-13	27.8483	-1.5143	0.0000	0.0000	28.0211	-0.6600	 0.0000	0.0000	 0.6481	0.7923	-0.0507
2018-10-20	27.7167	-1.6459	0.0000	0.0000	27.8800	-0.8011	 0.0000	0.0000	 0.3055	0.8714	 0.0283
2018-10-27	28.0078	-1.3548	0.0000	0.0000	27.9545	-0.7266	 0.0000	0.0000	 0.1683	0.8945	 0.0515
2018-11-03	28.1025	-1.2601	0.0000	0.0000	28.1440	-0.5370	 0.0000	0.0000	 0.1479	0.8180	-0.0251
2018-11-10	28.2203	-1.1423	0.0000	0.0000	28.6089	-0.0721	 0.0000	0.4468	 0.4011	0.8090	-0.0340
2018-11-17	28.8526	-0.5100	0.0000	0.0000	28.8000	 0.1189	 0.0000	0.8298	 0.4360	0.8749	 0.0319
2018-11-24	28.8572	-0.5054	0.0000	0.0000	28.6715	-0.0096	 0.0000	0.4043	 0.2877	0.9513	 0.1082
2018-12-01	28.2093	-1.1533	0.0000	0.0000	28.5117	-0.1694	 0.0000	0.0000	 0.1083	0.9102	 0.0672
2018-12-08	28.8198	-0.5428	0.0000	0.0000	28.6553	-0.0257	 0.0000	0.5957	 0.2313	0.8650	 0.0219
2018-12-15	28.5747	-0.7879	0.0000	0.0000	29.3643	 0.6832	 0.0000	1.0000	 0.9206	0.8476	 0.0046
2018-12-22	28.3520	-1.0106	0.0000	0.0000	29.1479	 0.4668	 0.0000	1.0000	 0.6911	0.8975	 0.0544
2018-12-29	28.8474	-0.5152	0.0000	0.0000	28.8645	 0.1834	 0.0000	1.0000	 0.3926	0.9384	 0.0953
2019-01-05	28.2973	-1.0653	0.0000	0.0000	28.5417	-0.1394	 0.0000	0.3617	 0.0568	0.9496	 0.1065
2019-01-12	28.4254	-0.9372	0.0000	0.0000	28.8604	 0.1794	 0.0000	0.6383	 0.3598	0.9119	 0.0689
2019-01-19	28.5159	-0.8467	0.0000	0.0000	28.8413	 0.1602	 0.0000	0.7234	 0.3421	0.8817	 0.0386
2019-01-26	28.0868	-1.2758	0.0000	0.0000	28.7196	 0.0385	 0.0000	0.5957	 0.2332	0.9056	 0.0625
2019-02-02	28.7273	-0.6353	0.0000	0.0568	28.6972	 0.0162	 0.0000	0.4468	 0.2234	0.9449	 0.1018
2019-02-09	28.7834	-0.5792	0.0000	0.0000	28.5534	-0.1277	 0.0000	0.3617	 0.0915	0.8758	 0.0328
2019-02-16	28.8589	-0.5036	0.0000	0.0000	28.8543	 0.1732	 0.0000	0.9787	 0.4091	0.8264	-0.0166
2019-02-23	29.2973	-0.0653	0.0000	0.4600	29.3902	 0.7091	 0.0000	1.0000	 0.9851	0.8612	 0.0181
2019-03-02	29.5421	 0.1795	0.0000	0.7848	29.4919	 0.8109	 0.0334	1.0000	 1.1277	0.8123	-0.0307
2019-03-09	29.1980	-0.1646	0.0000	0.1992	29.3083	 0.6272	 0.0972	1.0000	 0.9840	0.8583	 0.0152
2019-03-16	29.1508	-0.2118	0.0000	0.0184	28.8943	 0.2132	 0.0972	0.9362	 0.5921	0.9324	 0.0894
2019-03-23	28.5785	-0.7841	0.0000	0.0000	28.9621	 0.2811	 0.0972	1.0000	 0.5760	0.9387	 0.0957
2019-03-30	28.9498	-0.4128	0.0000	0.1344	29.1174	 0.4364	 0.0972	1.0000	 0.6460	0.9349	 0.0919
2019-04-06	29.3396	-0.0230	0.0000	0.4256	29.0302	 0.5300	 0.0972	0.9149	 0.4745	0.9020	 0.0589
2019-04-13	29.3938	 0.0312	0.0000	0.6184	29.6196	 0.8477	 0.1885	1.4043	 0.9785	0.8782	 0.0350
2019-04-20	29.4874	 0.1248	0.0000	0.6320	29.6628	 0.9817	 0.6774	1.6809	 1.0589	0.9316	 0.0885
2019-04-27	29.6349	 0.2723	0.0000	0.7504	29.5204	 0.8394	 1.0881	1.1702	 1.0006	0.8769	 0.0338
2019-05-04	29.4405	 0.0779	0.0000	0.8056	29.4809	 0.7998	 1.1128	1.0000	 1.0455	0.9108	 0.0677
2019-05-11	28.7933	-0.5693	0.0000	0.0744	28.3268	-0.3543	 1.1128	0.0638	-0.0234	0.8716	 0.0286
2019-05-18	28.7696	-0.5930	0.0000	0.0000	28.6340	-0.0470	 1.1128	0.6596	 0.3743	0.8963	 0.0532
2019-05-25	28.6670	-0.6956	0.0000	0.0000	28.7094	 0.0283	 1.0791	0.7021	 0.5498	0.8237	-0.0194
2019-06-01	28.4060	-0.9566	0.0000	0.0000	28.0087	-0.6723	 1.0145	0.0000	-0.0513	0.8524	 0.0093
2019-06-08	27.9280	-1.4345	0.0000	0.0000	28.0955	-0.5855	 1.0145	0.0000	 0.1340	0.8141	-0.0289
2019-06-15	28.3242	-1.0384	0.0000	0.0000	27.7509	-0.9302	 1.0145	0.0000	-0.1113	0.8152	-0.0280
2019-06-22	27.6336	-1.7290	0.0000	0.0000	27.5770	-1.1040	 1.0145	0.0000	-0.0949	0.8066	-0.0364
2019-06-29	27.7240	-1.6386	0.0000	0.0000	27.6460	-1.0351	 1.0145	0.0000	 0.1636	0.8562	 0.0131
2019-07-06	27.2895	-2.0731	0.0000	0.0000	27.1923	-1.4887	 0.9243	0.0000	-0.0994	0.8539	 0.0110
2019-07-13	26.8445	-2.5181	0.0000	0.0000	26.8272	-1.8538	 0.4349	0.0000	-0.2745	0.8014	-0.0417
2019-07-20	26.7756	-2.5870	0.0000	0.0000	26.9570	-1.7240	 0.0272	0.0000	-0.0251	0.7731	-0.0699
2019-07-27	26.3391	-3.0235	0.0000	0.0000	26.7530	-1.9281	 0.0000	0.0000	-0.1345	0.7736	-0.0695
2019-08-03	26.3775	-2.9851	0.0000	0.0000	26.6453	-2.0357	 0.0000	0.0000	-0.1462	0.7691	-0.0740
2019-08-10	26.1570	-3.2056	0.0000	0.0000	26.1300	-2.5511	 0.0000	0.0000	-0.5668	0.7706	-0.0725
2019-08-17	26.3028	-3.0598	0.0000	0.0000	26.4874	-2.1936	 0.0000	0.0000	-0.1434	0.7518	-0.0913
2019-08-24	25.9183	-3.4443	0.0000	0.0000	26.1296	-2.5515	 0.0000	0.0000	-0.5147	0.7260	-0.1172
2019-08-31	26.0497	-3.3129	0.0000	0.0000	26.4838	-2.1972	 0.0000	0.0000	-0.1745	0.7533	-0.0898
2019-09-07	26.3952	-2.9674	0.0000	0.0000	26.2764	-2.4047	 0.0000	0.0000	-0.3906	0.7220	-0.1211
2019-09-14	26.4497	-2.9129	0.0000	0.0000	26.3589	-2.3221	 0.0000	0.0000	-0.3215	0.6877	-0.1554
2019-09-21	26.4701	-2.8925	0.0000	0.0000	26.4089	-2.2721	 0.0000	0.0000	-0.4202	0.6960	-0.1470
2019-09-28	26.6198	-2.7428	0.0000	0.0000	26.7866	-1.8945	 0.0000	0.0000	-0.2160	0.6915	-0.1516
2019-10-05	26.4090	-2.9536	0.0000	0.0000	26.8877	-1.7934	 0.0000	0.0000	-0.2883	0.7097	-0.1333
2019-10-12	27.4130	-1.9496	0.0000	0.0000	27.5500	-1.1311	 0.0000	0.0000	 0.1998	0.7552	-0.0879
2019-10-19	27.5366	-1.8260	0.0000	0.0000	27.6304	-1.0506	 0.0000	0.0000	 0.0860	0.7447	-0.0983
2019-10-26	27.7414	-1.6212	0.0000	0.0000	28.0002	-0.6809	 0.0000	0.0000	 0.2449	0.7635	-0.0795
2019-11-02	27.9426	-1.4200	0.0000	0.0000	28.2811	-0.4000	 0.0000	0.0000	 0.3145	0.7225	-0.1206
2019-11-09	28.0584	-1.3042	0.0000	0.0000	28.5083	-0.1728	 0.0000	0.0000	 0.3306	0.7339	-0.1091
2019-11-16	28.5914	-0.7712	0.0000	0.0000	28.6300	-0.0511	 0.0000	0.4255	 0.2681	0.7218	-0.1213
2019-11-23	28.8578	-0.5048	0.0000	0.0000	28.9747	 0.2936	 0.0000	1.0000	 0.5936	0.7718	-0.0712
2019-11-30	28.8166	-0.5460	0.0000	0.0000	29.3062	 0.6251	 0.0000	1.0000	 0.9055	0.7894	-0.0538
2019-12-07	29.1555	-0.2071	0.0000	0.0320	29.9938	 1.3128	 0.2938	2.0000	 1.5728	0.8064	-0.0367
2019-12-14	29.8974	 0.5348	0.0000	1.0000	30.1098	 1.4287	 1.5091	2.0000	 1.6696	0.8387	-0.0043
2019-12-21	30.1166	 0.7540	0.0910	1.0896	30.2053	 1.5243	 2.9287	2.0000	 1.7496	0.8168	-0.0263
2019-12-28	30.7066	 1.3440	1.4350	2.0000	29.7223	 1.0413	 4.2781	1.9787	 1.2511	0.8465	 0.0035
2020-01-04	30.7001	 1.3375	2.5796	1.8736	29.4040	 0.7230	 5.1332	1.1277	 0.9196	0.9719	 0.1109
2020-01-11	29.3961	 0.0335	2.5796	0.5264	29.0481	 0.3670	 5.1455	1.0000	 0.5528	0.9728	 0.1118
2020-01-18	29.4622	 0.0996	2.5796	0.5336	29.3000	 0.6189	 5.1609	1.1702	 0.7985	0.9566	 0.0956
2020-01-25	29.3977	 0.0351	2.5796	0.5760	29.9604	 1.2794	 5.7151	3.0000	 1.4738	0.9315	 0.0706
2020-02-01	29.7445	 0.3819	2.5796	1.0000	29.7885	 1.1074	 6.8432	2.9574	 1.3134	0.9200	 0.0590
2020-02-08	29.8884	 0.5258	2.5796	1.0000	29.7389	 1.0579	 7.6332	2.4043	 1.2764	0.9981	 0.1370
2020-02-15	29.5860	 0.2234	2.5796	0.9864	29.7543	 1.0732	 8.0360	3.0851	 1.3034	0.9381	 0.0771
2020-02-22	29.3964	 0.0338	2.5796	0.4984	29.4917	 0.8106	 8.1809	1.0000	 1.0789	0.9419	 0.0809
2020-02-29	29.4611	 0.0986	2.5796	0.6016	29.2326	 0.5515	 7.9155	1.0000	 0.8600	0.9563	 0.0953
2020-03-07	29.2459	-0.1167	2.5796	0.4112	28.9777	 0.2966	 6.6989	1.0000	 0.6436	0.9615	 0.1005
2020-03-14	29.4784	 0.1158	2.4886	0.6248	29.5447	 0.8636	 5.3547	1.8085	 1.2494	0.9908	 0.1298
2020-03-21	29.5457	 0.1831	1.1446	0.7720	29.3715	 0.6904	 4.2834	1.0000	 1.0091	0.9516	 0.0905
2020-03-28	30.0517	 0.6891	0.0000	1.0000	29.7368	 1.0557	 4.1466	2.0638	 1.2900	0.8971	 0.0361
2020-04-04	30.2293	 0.8667	0.0980	1.0928	29.9962	 1.3151	 5.4653	2.9149	 1.4643	0.9416	 0.0806
2020-04-11	29.8630	 0.5004	0.0980	1.0000	29.8794	 1.1983	 6.7398	3.2979	 1.2630	0.9756	 0.1146
2020-04-18	29.9495	 0.5869	0.0980	1.0000	30.1213	 1.4402	 7.5887	3.3830	 1.4928	0.9995	 0.1385
2020-04-25	29.8768	 0.5142	0.0980	1.0000	29.9815	 1.3004	 7.9289	3.2128	 1.4370	0.9523	 0.0913
2020-05-02	29.9291	 0.5665	0.0980	0.8824	29.7234	 1.0423	 8.1217	2.8723	 1.2640	0.9127	 0.0517
2020-05-09	29.6085	 0.2459	0.0980	0.9224	29.5604	 0.8794	 8.3581	1.7447	 1.1862	0.9568	 0.0958
2020-05-16	29.6841	 0.3215	0.0980	0.9144	28.8136	 0.1326	 8.6321	0.7660	 0.5270	0.9746	 0.1135
2020-05-23	29.0920	-0.2706	0.0980	0.0912	29.0398	 0.3587	 8.6040	0.9574	 0.8519	0.9931	 0.1321
2020-05-30	29.2994	-0.0632	0.0980	0.3544	29.5928	 0.9117	 8.7500	1.5106	 1.5038	1.2271	 0.3661
2020-06-06	29.2290	-0.1336	0.0980	0.3672	29.2351	 0.5540	 8.9121	1.0000	 1.2455	1.1283	 0.2672
2020-06-13	28.4541	-0.9085	0.0980	0.0000	28.8872	 0.2062	 8.6338	1.0000	 0.9981	1.0048	 0.1438
2020-06-20	28.3805	-0.9821	0.0980	0.0000	28.3798	-0.3013	 7.9147	0.0000	 0.6540	0.9401	 0.0790
2020-06-27	28.0568	-1.3058	0.0000	0.0000	28.1555	-0.5255	 6.5845	0.0000	 0.6194	0.9034	 0.0423
2020-07-04	28.1737	-1.1889	0.0000	0.0000	28.1209	-0.5602	 5.2943	0.0000	 0.7757	0.9293	 0.0683
2020-07-11	27.9427	-1.4199	0.0000	0.0000	27.8813	-0.7998	 3.8900	0.0000	 0.7238	0.9394	 0.0784
2020-07-18	27.5969	-1.7657	0.0000	0.0000	28.0328	-0.6483	 2.4238	0.0000	 1.0251	0.8974	 0.0364
2020-07-25	27.5475	-1.8151	0.0000	0.0000	27.5189	-1.1621	 1.4389	0.0000	 0.6068	0.8548	-0.0063
2020-08-01	27.1649	-2.1977	0.0000	0.0000	27.6468	-1.0343	 0.8013	0.0000	 0.8272	0.7762	-0.0848
2020-08-08	27.2368	-2.1258	0.0000	0.0000	27.3957	-1.2853	 0.3813	0.0000	 0.6709	0.8039	-0.0571
2020-08-15	27.7167	-1.6459	0.0000	0.0000	27.8149	-0.8662	 0.3813	0.0000	 1.1840	0.8573	-0.0038
2020-08-22	27.5238	-1.8388	0.0000	0.0000	27.6940	-0.9870	 0.2362	0.0000	 1.0521	0.8571	-0.0039
2020-08-29	27.2653	-2.0973	0.0000	0.0000	27.7457	-0.9353	 0.0000	0.0000	 1.0928	0.8714	 0.0104
2020-09-05	27.3606	-2.0020	0.0000	0.0000	27.7072	-0.9738	 0.0000	0.0000	 1.0432	0.8555	-0.0055
2020-09-12	27.6846	-1.6780	0.0000	0.0000	27.7911	-0.8900	 0.0000	0.0000	 1.1140	0.8771	 0.0161
2020-09-19	27.4307	-1.9319	0.0000	0.0000	28.2264	-0.4547	 0.0000	0.0000	 1.4470	0.8667	 0.0057
2020-09-26	28.1817	-1.1808	0.0000	0.0000	28.2755	-0.4055	 0.0000	0.0000	 1.3230	0.8584	-0.0026
2020-10-03	28.1004	-1.2622	0.0000	0.0000	28.4694	-0.2117	 0.0000	0.0000	 1.3428	0.8313	-0.0297
2020-10-10	28.1798	-1.1828	0.0000	0.0000	27.9651	-0.7160	 0.0000	0.0000	 0.6660	0.8326	-0.0285
2020-10-17	28.3100	-1.0526	0.0000	0.0000	28.5983	-0.0828	 0.0000	0.1915	 1.1143	0.8653	 0.0043
2020-10-24	28.8442	-0.5184	0.0000	0.0000	28.7619	 0.0809	 0.0000	0.7447	 1.0666	0.9170	 0.0559
2020-10-31	28.6716	-0.6910	0.0000	0.0000	29.2279	 0.5468	 0.0000	0.9574	 1.3226	1.0089	 0.1479
2020-11-07	29.0619	-0.3007	0.0000	0.1736	29.2530	 0.5719	 0.0000	1.0000	 1.1360	1.0278	 0.1667
2020-11-14	28.9562	-0.4064	0.0000	0.0000	29.5826	 0.9015	 0.0000	1.0000	 1.2549	1.0332	 0.1722
2020-11-21	29.3135	-0.0491	0.0000	0.1816	29.6083	 0.9272	 0.1455	1.2766	 1.2330	0.9574	 0.0964
2020-11-28	29.5879	 0.2253	0.0000	1.0000	29.6974	 1.0164	 0.5764	1.5957	 1.3021	0.9722	 0.1112
2020-12-05	29.9008	 0.5382	0.0000	1.0000	29.1453	 0.4643	 0.5883	1.0000	 0.7304	1.0708	 0.2098
2020-12-12	30.2433	 0.8807	0.3984	1.3792	29.1391	 0.4581	 0.6038	1.0000	 0.7040	1.0837	 0.2227
2020-12-19	29.6774	 0.3148	0.3984	0.9856	28.9098	 0.2287	 0.6038	1.0000	 0.4560	1.0893	 0.2283
2020-12-26	29.0588	-0.3038	0.3984	0.0616	29.0485	 0.3674	 0.6038	1.0000	 0.5838	1.1067	 0.2457
2021-01-02	29.8208	 0.4582	0.3984	1.0000	29.0087	 0.3277	 0.6038	0.9362	 0.5309	1.1511	 0.2901
2021-01-09	28.7099	-0.6527	0.3984	0.0000	28.6815	 0.0004	 0.6038	0.3830	 0.1881	1.0950	 0.2340
2021-01-16	28.6648	-0.6978	0.3984	0.0000	28.5191	-0.1619	 0.6102	0.1489	 0.0138	1.1024	 0.2414
2021-01-23	28.2184	-1.1442	0.3984	0.0000	28.6496	-0.0315	 0.6102	0.3617	 0.1594	1.1171	 0.2561
2021-01-30	28.1691	-1.1935	0.3984	0.0000	28.6232	-0.0579	 0.6102	0.3830	 0.1423	1.1421	 0.2810
2021-02-06	28.3852	-0.9774	0.3984	0.0000	28.4919	-0.1891	 0.6102	0.0851	 0.0255	1.1645	 0.3035
2021-02-13	28.6765	-0.6861	0.3984	0.0000	28.4102	-0.2709	 0.4640	0.1702	-0.0434	1.0162	 0.1553
2021-02-20	29.5405	 0.1779	0.3984	0.7104	28.7728	 0.0917	 0.0340	0.5745	 0.3504	0.9790	 0.1179
2021-02-27	27.9814	-1.3812	0.3984	0.0000	28.3719	-0.3091	 0.0219	0.0000	-0.0096	0.9610	 0.0999
2021-03-06	28.5169	-0.8457	0.0000	0.0000	28.5666	-0.1145	 0.0062	0.3617	 0.2251	1.0626	 0.2017
2021-03-13	28.1009	-1.2617	0.0000	0.0000	28.4598	-0.2213	 0.0062	0.0638	 0.1585	1.0343	 0.1733
2021-03-20	28.9350	-0.4276	0.0000	0.0000	28.9940	 0.3130	 0.0062	1.0000	 0.6445	0.9839	 0.1229
2021-03-27	28.9066	-0.4560	0.0000	0.0000	29.1379	 0.4568	 0.0062	1.0000	 0.7028	0.9975	 0.1365
2021-04-03	29.5383	 0.1757	0.0000	0.8880	28.8691	 0.1881	 0.0062	1.0000	 0.3496	0.8953	 0.0342
2021-04-10	29.1839	-0.1758	0.0000	0.3368	29.0889	 0.4079	 0.0000	1.0000	 0.4838	1.0777	 0.2167
2021-04-17	28.6593	-0.7033	0.0000	0.0000	29.1598	 0.4787	 0.0000	1.0000	 0.5183	1.1459	 0.2849
2021-04-24	28.8217	-0.5409	0.0000	0.0000	29.0677	 0.3866	 0.0000	1.0000	 0.5115	1.0368	 0.1757
2021-05-01	29.0227	-0.3399	0.0000	0.0000	29.2094	 0.5283	 0.0000	1.0000	 0.7385	0.9865	 0.1256
2021-05-08	28.7534	-0.6092	0.0000	0.0000	28.9266	 0.2455	 0.0000	1.0000	 0.5402	0.9613	 0.1003
2021-05-15	28.7271	-0.6355	0.0000	0.0000	28.7100	 0.0289	 0.0000	0.6596	 0.4083	0.9101	 0.0490
2021-05-22	28.8281	-0.5345	0.0000	0.0000	28.8540	 0.1730	 0.0000	0.8085	 0.6517	0.9150	 0.0540
2021-05-29	28.9091	-0.4535	0.0000	0.0424	28.9836	 0.3026	 0.0000	0.7660	 0.8798	0.9862	 0.1252
2021-06-05	28.9115	-0.4511	0.0000	0.0000	29.0962	 0.4151	 0.0000	0.8511	 1.0919	1.0489	 0.1880
2021-06-12	29.1616	-0.2010	0.0000	0.4040	28.7800	 0.0989	 0.0000	0.6809	 0.8760	1.1373	 0.2763
2021-06-19	28.6679	-0.6947	0.0000	0.0000	28.8862	 0.2051	 0.0000	0.9149	 1.1334	1.0531	 0.1921
2021-06-26	28.6552	-0.7074	0.0000	0.0000	28.7170	 0.0360	 0.0000	0.6596	 1.1523	1.0598	 0.1987
2021-07-03	28.5806	-0.7820	0.0000	0.0000	28.5421	-0.1389	 0.0000	0.0851	 1.1681	1.0543	 0.1933
2021-07-10	28.2973	-1.0653	0.0000	0.0000	28.5438	-0.1372	 0.0000	0.0426	 1.3600	1.0039	 0.1429
2021-07-17	28.2240	-1.2257	0.0000	0.0000	28.2572	-0.4238	 0.0000	0.0000	 1.2372	0.9559	 0.0949
2021-07-24	28.2916	-1.0710	0.0000	0.0000	28.0289	-0.6521	 0.0000	0.0000	 1.1015	1.0012	 0.1402
2021-07-31	27.8231	-1.5395	0.0000	0.0000	27.9340	-0.7470	 0.0000	0.0000	 1.1019	0.9512	 0.0902
2021-08-07	27.6864	-1.6762	0.0000	0.0000	27.8655	-0.8155	 0.0000	0.0000	 1.1262	0.8583	-0.0028
2021-08-14	27.3718	-1.9908	0.0000	0.0000	27.6489	-1.0321	 0.0000	0.0000	 1.0077	0.8344	-0.0266
2021-08-21	27.4817	-1.8809	0.0000	0.0000	28.0383	-0.6428	 0.0000	0.0000	 1.3974	0.8481	-0.0129
2021-08-28	27.6311	-1.7315	0.0000	0.0000	27.8311	-0.8500	 0.0000	0.0000	 1.1781	0.8767	 0.0157
2021-09-04	27.9230	-1.4396	0.0000	0.0000	28.0279	-0.6532	 0.0000	0.0000	 1.3638	0.9322	 0.0712
2021-09-11	28.0085	-1.3541	0.0000	0.0000	27.8057	-0.8753	 0.0000	0.0000	 1.1340	0.8905	 0.0294
2021-09-18	27.7703	-1.5923	0.0000	0.0000	28.0523	-0.6287	 0.0000	0.0000	 1.2987	0.8538	-0.0072
2021-09-25	28.4491	-0.9135	0.0000	0.0000	28.3711	-0.3100	 0.0000	0.0000	 1.4428	0.8559	-0.0050
2021-10-02	28.0479	-1.3147	0.0000	0.0000	28.4406	-0.2404	 0.0000	0.0000	 1.3394	0.8539	-0.0071
2021-10-09	28.1159	-1.2467	0.0000	0.0000	28.3370	-0.3440	 0.0000	0.0000	 1.0619	0.9059	 0.0449
2021-10-16	28.1704	-1.1922	0.0000	0.0000	28.6321	-0.0489	 0.0000	0.3191	 1.1774	0.9285	 0.0675
2021-10-23	28.5207	-0.8419	0.0000	0.0000	29.0730	 0.3919	 0.0000	1.0000	 1.4077	0.9222	 0.0611
2021-10-30	28.7488	-0.6138	0.0000	0.0000	28.9617	 0.2806	 0.0000	1.0000	 1.0847	1.0037	 0.1427
2021-11-06	29.1854	-0.1772	0.0000	0.0040	29.2049	 0.5238	 0.0000	1.0000	 1.1179	1.0113	 0.1503
2021-11-13	29.7293	 0.3667	0.0000	1.0000	29.2960	 0.6149	 0.0317	1.0000	 0.9977	1.1070	 0.2460
2021-11-20	29.5386	 0.1760	   NaN	0.7032	29.1481	 0.4670	 0.1432	1.0000	 0.7762	1.1393	 0.2783
2021-11-27	28.8948	-0.4677	   NaN	0.0168	29.3715	 0.6904	 0.1921	1.0000	 0.9789	1.1146	 0.2536
2021-12-04	29.2346	-0.1280	   NaN	0.4008	28.9464	 0.2653	 0.1921	0.9149	 0.5343	1.1331	 0.2721
2021-12-11	29.3028	-0.0598	   NaN	0.4416	29.0372	 0.3562	 0.1921	1.0000	 0.6057	1.1604	 0.2993
2021-12-18	29.1416	-0.2210	   NaN	0.0000	29.0777	 0.3966	 0.2460	1.0000	 0.6291	1.1242	 0.2632
2021-12-25	29.7140	 0.3514	   NaN	1.0000	29.4343	 0.7532	 0.3734	1.1702	 0.9700	1.0857	 0.2248
2022-01-01	29.5099	 0.1473	   NaN	0.6312	28.9885	 0.3074	 0.3979	0.8936	 0.5113	1.1081	 0.2471
2022-01-08	29.0488	-0.3138	   NaN	0.1592	28.8664	 0.1853	 0.3979	0.7660	 0.3740	1.0530	 0.1920
2022-01-15	29.2156	-0.1470	   NaN	0.0000	29.2457	 0.5647	 0.3979	1.0000	 0.7402	0.9592	 0.0982
2022-01-22	28.6860	-0.6766	   NaN	0.0000	28.6260	-0.0551	 0.3979	0.0638	 0.1321	1.0168	 0.1558
2022-01-29	29.0464	-0.3162	   NaN	0.0000	29.0913	 0.4102	 0.3979	1.0000	 0.6100	1.0583	 0.1973
2022-02-05	28.8518	-0.5108	   NaN	0.0000	28.7587	 0.0777	 0.3664	0.5957	 0.2889	1.0325	 0.1715
2022-02-12	28.7404	-0.6222	   NaN	0.0000	28.8509	 0.1698	 0.2543	0.8085	 0.3960	0.9741	 0.1131
2022-02-19	28.7578	-0.6048	   NaN	0.0000	29.1649	 0.4838	 0.2055	1.0000	 0.7377	1.0417	 0.1806
2022-02-26	28.3863	-0.9763	   NaN	0.0000	28.6604	-0.0206	 0.2055	0.5745	 0.2728	1.0211	 0.1601
2022-03-05	28.8059	-0.5567	   NaN	0.0000	28.7996	 0.1185	 0.2055	0.6809	 0.4523	1.0672	 0.2062
2022-03-12	29.0166	-0.3460	   NaN	0.0000	29.3070	 0.6260	 0.1517	1.0000	 0.9994	0.9916	 0.1306
2022-03-26	29.4779	 0.1153	   NaN	0.9880	29.6821	 1.0011	 0.0734	1.4468	 1.2594	1.0674	 0.2064
2022-04-02	29.6041	 0.2415	   NaN	0.6792	29.4423	 0.7613	 0.2409	1.2340	 0.9345	1.1080	 0.2470
2022-04-16	29.4684	 0.1058	   NaN	0.6088	29.9200	 1.2389	 1.4745	2.0000	 1.2670	1.0715	 0.2104
2022-04-23	30.0762	 0.7136	   NaN	1.0000	29.7951	 1.1140	 2.2587	2.0851	 1.2270	1.0144	 0.1533
2022-04-30	30.0079	 0.6453	1.0061	1.0040	29.9351	 1.2540	 3.3464	2.1064	 1.4532	1.0991	 0.2380
2022-05-07	29.4925	 0.1299	1.0061	0.8008	29.6294	 0.9483	 4.1628	1.8936	 1.2306	1.0175	 0.1566
2022-05-14	29.5224	 0.1598	1.0061	0.9024	29.9643	 1.2832	 5.1772	2.9362	 1.6504	1.1456	 0.2846
2022-05-21	29.6627	 0.3001	1.0061	1.0000	29.6364	 0.9553	 5.9640	1.5745	 1.4194	1.2113	 0.3502
2022-05-28	29.4955	 0.1329	1.0061	0.8592	29.7370	 1.0560	 6.5517	2.5745	 1.6198	1.1419	 0.2808
2022-06-11	29.0651	-0.2975	1.0061	0.0000	29.4374	 0.7564	 6.7302	1.0000	 1.5185	1.0922	 0.2312
