tanggal	sst_mur	hs_mur	dhw_mur	ba_mur	sst_ct5km	hs_ct5km	dhw_ct5km	ba_ct5km	ssta_ct5km	adt	sla
2016-01-02	29.1259	-0.1311	0.0169	0.3776	28.9882	 0.4331	 0.6800	0.9333	 0.5248	0.9554	 0.1160
2016-01-09	29.5897	 0.3327	0.0169	0.8304	29.7149	 1.1598	 1.1556	1.6889	 1.2521	0.9099	 0.0704
2016-01-16	30.5124	 1.2554	1.1004	1.8112	29.9947	 1.4396	 2.1151	2.0000	 1.5319	0.8547	 0.0153
2016-01-23	30.7603	 1.5033	2.6038	2.0168	29.2318	 0.6767	 3.2964	1.0000	 0.7673	0.8697	 0.0302
2016-01-30	29.2439	-0.0130	2.6038	0.5172	29.1281	 0.5730	 3.3298	1.0000	 0.6634	0.9112	 0.0718
2016-02-06	28.8903	-0.3667	2.6038	0.0000	29.5660	 1.0109	 3.4283	1.8778	 1.0994	0.9252	 0.0858
2016-02-13	29.3915	 0.1345	2.6038	0.7300	29.4357	 0.8806	 3.7530	1.4222	 0.9669	0.9299	 0.0904
2016-02-20	29.7815	 0.5245	2.6229	0.9336	29.9009	 1.3458	 4.4830	2.6111	 1.4648	0.9330	 0.0936
2016-02-27	29.7393	 0.4823	2.6286	1.0032	29.1376	 0.5824	 4.9713	1.0000	 0.7469	0.8847	 0.0453
2016-03-05	29.8027	 0.5457	2.7098	1.0720	30.0119	 1.4568	 4.9712	2.6778	 1.6667	0.8734	 0.0341
2016-03-12	30.4451	 1.1881	3.5355	2.0644	30.3581	 1.8030	 6.6187	3.1556	 2.0586	0.8147	-0.0248
2016-03-19	30.4257	 1.1687	4.5976	2.5560	30.0281	 1.4730	 8.0393	3.4667	 1.7251	0.8775	 0.0381
2016-03-26	30.2850	 1.0280	5.2682	2.1396	30.2364	 1.6813	 9.6594	3.7333	 1.8941	0.9065	 0.0671
2016-04-02	30.3624	 1.1054	6.0799	2.4740	29.9520	 1.3969	10.8688	3.8778	 1.5699	0.9529	 0.1135
2016-04-09	29.8675	 0.6105	5.0012	1.0144	30.0397	 1.4846	11.4453	3.9444	 1.6186	0.9365	 0.0971
2016-04-16	29.8307	 0.5737	3.4979	1.0000	29.7909	 1.2358	11.6569	3.5222	 1.3530	0.9110	 0.0715
2016-04-23	29.6419	 0.3849	3.4979	0.9324	29.5241	 0.9690	12.7769	2.7000	 1.2117	0.9111	 0.0717
2016-04-30	29.2410	-0.0159	3.4979	0.5080	29.4266	 0.8714	13.2916	2.4111	 1.2406	0.9076	 0.0682
2016-05-07	29.4294	 0.1725	3.4979	0.6704	29.9167	 1.3616	13.7904	3.6000	 1.8539	0.9431	 0.1036
2016-05-14	29.5305	 0.2735	3.4787	0.9436	29.4061	 0.8510	13.8749	1.0333	 1.4690	0.9821	 0.1427
2016-05-21	29.5298	 0.2729	3.5062	0.6896	29.7720	 1.2169	14.1153	3.0333	 1.9052	1.0190	 0.1795
2016-05-28	29.4486	 0.1917	3.4250	0.8100	29.2784	 0.7233	14.1267	1.0000	 1.4736	1.0920	 0.2526
2016-06-04	29.6659	 0.4090	2.5824	0.8740	29.6311	 1.0760	12.9579	3.1000	 1.8887	1.1956	 0.3562
2016-06-11	29.7982	 0.5412	1.5983	1.0372	29.5967	 1.0416	12.5496	3.2667	 1.9158	1.1810	 0.3416
2016-06-18	29.2319	-0.0250	0.9277	0.4740	29.2059	 0.6508	11.4313	1.0000	 1.6466	1.0592	 0.2197
2016-06-25	29.6021	 0.3452	0.1160	0.8100	29.3886	 0.8334	 9.9343	1.5222	 2.0293	1.1324	 0.2930
2016-07-02	29.8224	 0.5655	0.1111	1.0000	29.5116	 0.9564	 8.5002	2.1889	 2.3522	1.1497	 0.3103
2016-07-09	29.4936	 0.2366	0.1111	0.8120	28.8507	 0.2956	 7.4459	1.0000	 1.8926	1.0105	 0.1710
2016-07-16	28.6789	-0.5781	0.1111	0.0000	28.6921	 0.1370	 6.2923	0.8333	 1.9160	0.9058	 0.0664
2016-07-23	28.1948	-1.0622	0.1111	0.0000	28.4031	-0.1520	 5.6786	0.2111	 1.7284	0.9226	 0.0832
2016-07-30	27.8671	-1.3899	0.1111	0.0000	28.2676	-0.2876	 4.8554	0.0000	 1.6893	0.9895	 0.1501
2016-08-06	27.9921	-1.2649	0.1111	0.0000	28.0080	-0.5471	 4.0364	0.0000	 1.5280	0.9695	 0.1301
2016-08-13	27.8949	-1.3620	0.0780	0.0000	27.9648	-0.5903	 3.1426	0.0000	 1.5798	0.8860	 0.0466
2016-08-20	28.0280	-1.2289	0.0780	0.0000	27.7561	-0.7990	 2.6711	0.0000	 1.4003	0.8015	-0.0379
2016-08-27	27.7442	-1.5128	0.0780	0.0000	27.7979	-0.7572	 2.1911	0.0000	 1.4410	0.8739	 0.0345
2016-09-03	27.9041	-1.3529	0.0000	0.0000	27.7937	-0.7614	 1.1792	0.0000	 1.4363	0.9986	 0.1591
2016-09-10	27.6978	-1.5592	0.0000	0.0000	27.8457	-0.7094	 0.6283	0.0000	 1.4872	0.9572	 0.1177
2016-09-17	28.0281	-1.2289	0.0000	0.0000	28.5637	 0.0086	 0.4402	0.5111	 2.1544	0.9352	 0.0958
2016-09-24	28.4592	-0.7977	0.0000	0.0000	28.5347	-0.0204	 0.3389	0.5111	 1.9592	0.9641	 0.1247
2016-10-01	29.0775	-0.1795	0.0000	0.0652	28.7694	 0.2143	 0.0000	1.0000	 2.0273	1.0455	 0.2061
2016-10-08	28.8765	-0.3805	0.0000	0.0000	28.5657	 0.0106	 0.0000	0.4778	 1.6558	1.0655	 0.2260
2016-10-15	29.0079	-0.2490	0.0000	0.0072	29.0957	 0.5406	 0.0000	1.0000	 2.0177	0.9926	 0.1531
2016-10-22	28.8409	-0.4161	0.0000	0.0000	28.9111	 0.3560	 0.0000	1.0000	 1.5894	1.0462	 0.2068
2016-10-29	29.4538	 0.1969	0.0000	0.6912	29.3532	 0.7981	 0.0662	1.1778	 1.7889	1.0523	 0.2129
2016-11-05	29.5921	 0.3351	0.0000	0.8208	28.9251	 0.3700	 0.1080	1.0000	 1.1169	1.0583	 0.2189
2016-11-12	29.8001	 0.5432	0.0000	0.9960	29.6406	 1.0854	 0.5791	1.7889	 1.5899	1.0453	 0.2058
2016-11-19	29.3825	 0.1255	0.0000	0.6844	29.3439	 0.7888	 1.1716	1.2778	 1.1474	1.0493	 0.2099
2016-11-26	29.3298	 0.0728	0.0000	0.8508	29.5744	 1.0193	 1.5564	1.5889	 1.3058	1.0367	 0.1972
2016-12-03	30.1270	 0.8700	0.2573	1.2400	29.6116	 1.0564	 2.5962	1.9111	 1.2711	1.0525	 0.2130
2016-12-10	30.1157	 0.8588	0.6518	1.3664	29.5381	 0.9830	 3.5106	2.0000	 1.1257	1.1132	 0.2738
2016-12-17	30.0326	 0.7756	0.7580	1.1048	29.0224	 0.4673	 3.8199	1.0000	 0.5580	1.1364	 0.2970
2016-12-24	28.8833	-0.3736	0.7580	0.0000	28.7612	 0.2061	 3.8199	1.0000	 0.2970	1.1475	 0.3081
2016-12-31	28.6268	-0.6301	0.7580	0.0000	28.7276	 0.1724	 3.8199	0.8667	 0.2641	1.0879	 0.2485
2017-01-07	28.2677	-0.9892	0.7580	0.0000	28.7607	 0.2056	 3.8199	0.9000	 0.2977	1.0487	 0.2093
2017-01-14	28.7897	-0.4672	0.7580	0.0000	28.7093	 0.1542	 3.8249	0.8111	 0.2466	1.0836	 0.2442
2017-01-21	28.9441	-0.3129	0.7580	0.1268	28.6926	 0.1374	 3.7590	0.7778	 0.2288	1.0768	 0.2374
2017-01-28	28.8377	-0.4192	0.7580	0.2596	28.9266	 0.3714	 3.7169	0.9889	 0.4616	1.0625	 0.2231
2017-02-04	28.4579	-0.7991	0.7580	0.0000	28.0129	-0.5422	 3.2454	0.0000	-0.4533	1.0579	 0.2185
2017-02-11	28.7760	-0.4810	0.7580	0.0000	28.4683	-0.0868	 2.6538	0.0000	 0.0011	1.0413	 0.2019
2017-02-18	28.5069	-0.7501	0.7580	0.0000	28.5798	 0.0247	 2.2680	0.5778	 0.1324	0.9498	 0.1104
2017-02-25	28.4347	-0.8222	0.5007	0.0000	28.6740	 0.1189	 1.2284	0.9000	 0.2734	0.9137	 0.0743
2017-03-04	29.0052	-0.2518	0.1062	0.1284	28.9501	 0.3950	 0.3140	0.9889	 0.5963	0.8351	-0.0043
2017-03-11	28.7486	-0.5083	0.0000	0.0000	28.8971	 0.3420	 0.0049	1.0000	 0.5899	0.8856	 0.0461
2017-03-18	29.4644	 0.2074	0.0000	0.9648	29.1394	 0.5843	 0.0066	1.0000	 0.8422	0.9218	 0.0823
2017-03-25	29.2006	-0.0564	0.0000	0.5004	29.0964	 0.5413	 0.0066	1.0000	 0.7599	1.0135	 0.1741
2017-04-01	28.9339	-0.3231	0.0000	0.0600	28.9646	 0.4094	 0.0066	1.0000	 0.5881	1.0293	 0.1898
2017-04-08	29.0235	-0.2335	0.0000	0.3312	29.1796	 0.6244	 0.0016	1.0000	 0.7642	0.9520	 0.1125
2017-04-15	28.9476	-0.3094	0.0000	0.0528	29.0007	 0.4456	 0.0016	1.0000	 0.5454	0.9558	 0.1163
2017-04-22	29.6572	 0.4002	0.0000	1.0000	29.4729	 0.9178	 0.0834	1.4222	 1.1419	0.9459	 0.1065
2017-04-29	29.6716	 0.4146	0.0000	1.0000	29.3703	 0.8152	 0.4326	1.2556	 1.1652	0.9570	 0.1176
2017-05-06	29.1825	-0.0745	0.0000	0.4900	29.2178	 0.6627	 0.7711	1.0222	 1.1374	0.9500	 0.1106
2017-05-13	29.2346	-0.0224	0.0000	0.5696	28.9799	 0.4248	 0.9388	0.8778	 1.0243	0.8577	 0.0183
2017-05-20	28.5236	-0.7334	0.0000	0.0000	28.7618	 0.2067	 0.9388	0.8333	 0.8860	0.8393	-0.0001
2017-05-27	28.6997	-0.5572	0.0000	0.0000	28.4012	-0.1539	 0.9388	0.3556	 0.5878	0.8308	-0.0086
2017-06-03	27.8500	-1.4069	0.0000	0.0000	28.0197	-0.5354	 0.9388	0.0000	 0.2679	0.9265	 0.0871
2017-06-10	27.7401	-1.5169	0.0000	0.0000	28.0490	-0.5061	 0.9372	0.0222	 0.3596	0.9837	 0.1443
2017-06-17	27.9445	-1.3124	0.0000	0.0000	27.9772	-0.5779	 0.9372	0.0000	 0.3886	0.9064	 0.0669
2017-06-24	28.0476	-1.2094	0.0000	0.0000	27.8039	-0.7512	 0.9372	0.0000	 0.4168	0.8245	-0.0149
2017-07-01	27.4942	-1.7628	0.0000	0.0000	27.8173	-0.7378	 0.9372	0.0000	 0.6301	0.7686	-0.0708
2017-07-08	28.1967	-1.0602	0.0000	0.0000	27.5327	-1.0224	 0.9372	0.0000	 0.5458	0.7779	-0.0615
2017-07-15	27.5096	-1.7474	0.0000	0.0000	27.7570	-0.7981	 0.8551	0.0000	 0.9702	0.7859	-0.0536
2017-07-22	27.7570	-1.5000	0.0000	0.0000	27.7258	-0.8293	 0.5063	0.0000	 1.0354	0.8280	-0.0114
2017-07-29	27.3622	-1.8948	0.0000	0.0000	27.2726	-1.2826	 0.1670	0.0000	 0.6808	0.7956	-0.0438
2017-08-05	27.0081	-2.2489	0.0000	0.0000	27.3130	-1.2421	 0.0000	0.0000	 0.8177	0.7724	-0.0670
2017-08-12	26.6499	-2.6071	0.0000	0.0000	27.1639	-1.3912	 0.0000	0.0000	 0.7682	0.7503	-0.0891
2017-08-19	27.5987	-1.6583	0.0000	0.0000	27.2194	-1.3357	 0.0000	0.0000	 0.8637	0.7734	-0.0660
2017-08-26	27.2595	-1.9975	0.0000	0.0000	27.4704	-1.0847	 0.0000	0.0000	 1.1143	0.7210	-0.1184
2017-09-02	27.4891	-1.7679	0.0000	0.0000	27.4563	-1.0988	 0.0000	0.0000	 1.0991	0.7580	-0.0814
2017-09-09	27.4755	-1.7814	0.0000	0.0000	27.1851	-1.3700	 0.0000	0.0000	 0.8269	0.7464	-0.0930
2017-09-16	26.5178	-2.7392	0.0000	0.0000	27.2942	-1.2609	 0.0000	0.0000	 0.9142	0.7900	-0.0494
2017-09-23	27.2014	-2.0556	0.0000	0.0000	27.2981	-1.2570	 0.0000	0.0000	 0.7483	0.7930	-0.0465
2017-09-30	27.0289	-2.2281	0.0000	0.0000	27.6501	-0.9050	 0.0000	0.0000	 0.9331	0.8328	-0.0066
2017-10-07	27.8059	-1.4511	0.0000	0.0000	27.8499	-0.7052	 0.0000	0.0000	 0.9624	0.8070	-0.0324
2017-10-14	27.8225	-1.4345	0.0000	0.0000	28.0118	-0.5433	 0.0000	0.0000	 0.9552	0.8532	 0.0138
2017-10-21	27.7860	-1.4709	0.0000	0.0000	27.6628	-0.8923	 0.0000	0.0000	 0.3761	0.9331	 0.0936
2017-10-28	28.1313	-1.1257	0.0000	0.0000	28.3583	-0.1968	 0.0000	0.2444	 0.8291	0.9227	 0.0832
2017-11-04	28.8951	-0.3619	0.0000	0.0348	28.9258	 0.3707	 0.0000	0.9444	 1.1528	0.8874	 0.0480
2017-11-11	29.1938	-0.0632	0.0000	0.2988	28.9514	 0.3963	 0.0413	1.0000	 0.9353	0.9138	 0.0744
2017-11-18	28.9346	-0.3223	0.0000	0.0752	29.1620	 0.6069	 0.0413	1.0000	 0.9763	0.9653	 0.1259
2017-11-25	29.1550	-0.1020	0.0000	0.4324	29.1081	 0.5530	 0.0413	1.0000	 0.8504	1.0167	 0.1772
2017-12-02	29.3402	 0.0832	0.0000	0.6504	29.0159	 0.4608	 0.0413	1.0000	 0.6857	1.1239	 0.2845
2017-12-09	27.9922	-1.2648	0.0000	0.0000	28.6829	 0.1278	 0.0413	0.7111	 0.2802	1.1269	 0.2875
2017-12-16	28.6466	-0.6103	0.0000	0.0000	28.8606	 0.3054	 0.0413	0.9111	 0.3961	1.0910	 0.2515
2017-12-23	28.3780	-0.8790	0.0000	0.0000	28.5316	-0.0236	 0.0413	0.5444	 0.0673	1.0680	 0.2286
2017-12-30	28.7935	-0.4635	0.0000	0.0000	28.3831	-0.1720	 0.0413	0.0000	-0.0807	1.0089	 0.1695
2018-01-06	29.3410	 0.0840	0.0000	0.6552	28.6149	 0.0598	 0.0553	0.5000	 0.1519	0.9706	 0.1312
2018-01-13	29.0354	-0.2215	0.0000	0.2644	28.4307	-0.1244	 0.0553	0.0667	-0.0321	1.0573	 0.2179
2018-01-20	28.5019	-0.7551	0.0000	0.0000	28.2876	-0.2676	 0.0553	0.0000	-0.1758	1.0408	 0.2014
2018-01-27	28.7069	-0.5501	0.0000	0.0000	28.2098	-0.3453	 0.0553	0.0000	-0.2551	1.0457	 0.2063
2018-02-03	28.3841	-0.8729	0.0000	0.0000	28.3521	-0.2030	 0.0140	0.0000	-0.1139	1.0217	 0.1823
2018-02-10	28.4329	-0.8241	0.0000	0.0000	28.2963	-0.2588	 0.0140	0.1778	-0.1712	0.9457	 0.1063
2018-02-17	28.4051	-0.8519	0.0000	0.0000	28.5417	-0.0134	 0.0140	0.5778	 0.0876	0.9571	 0.1177
2018-02-24	28.4803	-0.7766	0.0000	0.0000	28.7319	 0.1768	 0.0140	0.7111	 0.3242	0.9377	 0.0982
2018-03-03	29.1520	-0.1050	0.0000	0.4164	28.5377	-0.0174	 0.0140	0.4556	 0.1768	0.8637	 0.0243
2018-03-10	29.3230	 0.0660	0.0000	0.5368	29.3543	 0.7992	 0.0241	1.0667	 1.0416	0.8645	 0.0251
2018-03-17	28.8193	-0.4377	0.0000	0.0080	28.8978	 0.3427	 0.0241	1.0000	 0.6061	0.8722	 0.0328
2018-03-24	28.8111	-0.4458	0.0000	0.0200	29.0282	 0.4731	 0.0241	1.0000	 0.6973	0.9016	 0.0622
2018-03-31	29.4778	 0.2209	0.0000	0.7524	29.2470	 0.6919	 0.0481	1.1000	 0.8764	0.9343	 0.0949
2018-04-07	29.9803	 0.7233	0.3254	1.2688	29.8911	 1.3360	 0.6037	2.0000	 1.4810	0.9760	 0.1366
2018-04-14	29.6303	 0.3733	0.3254	1.0000	29.6682	 1.1131	 1.2896	1.9444	 1.2186	0.9383	 0.0988
2018-04-21	29.5951	 0.3381	0.3254	0.8428	29.4797	 0.9246	 1.9771	1.4111	 1.1314	0.8624	 0.0230
2018-04-28	29.5415	 0.2845	0.3254	0.9020	29.4354	 0.8803	 2.2443	1.3111	 1.2121	0.8640	 0.0246
2018-05-05	29.1301	-0.1269	0.3254	0.4600	29.1437	 0.5886	 2.2701	0.9556	 1.0452	0.9045	 0.0651
2018-05-12	29.0509	-0.2061	0.3254	0.3584	28.8280	 0.2729	 2.2701	0.8556	 0.8547	0.9105	 0.0711
2018-05-19	28.7164	-0.5406	0.3254	0.0000	28.5772	 0.0221	 2.2701	0.5667	 0.6929	0.8435	 0.0041
2018-05-26	28.3261	-0.9309	0.3254	0.0000	28.4770	-0.0781	 2.2701	0.3556	 0.6542	0.8334	-0.0061
2018-06-02	28.4310	-0.8260	0.3254	0.0000	28.3634	-0.1917	 2.2602	0.3222	 0.6031	0.8722	 0.0328
2018-06-09	28.4718	-0.7852	0.3254	0.0000	28.4981	-0.0570	 2.2602	0.5111	 0.7997	0.8815	 0.0421
2018-06-16	27.9066	-1.3504	0.3254	0.0000	28.0322	-0.5229	 2.2602	0.0000	 0.4158	0.8802	 0.0408
2018-06-23	27.6818	-1.5752	0.3254	0.0000	27.8799	-0.6752	 2.2220	0.0000	 0.4637	0.8260	-0.0134
2018-06-30	27.7171	-1.5398	0.0000	0.0000	27.6279	-0.9272	 1.6672	0.0000	 0.4137	0.7815	-0.0579
2018-07-07	27.5261	-1.7308	0.0000	0.0000	27.6194	-0.9357	 0.9804	0.0000	 0.6037	0.8151	-0.0244
2018-07-14	27.4109	-1.8461	0.0000	0.0000	27.3400	-1.2151	 0.2932	0.0000	 0.5246	0.7409	-0.0985
2018-07-21	27.0431	-2.2138	0.0000	0.0000	27.0241	-1.5310	 0.0256	0.0000	 0.3217	0.7535	-0.0859
2018-07-28	27.1752	-2.0818	0.0000	0.0000	27.1989	-1.3562	 0.0000	0.0000	 0.5931	0.8111	-0.0283
2018-08-04	26.4866	-2.7704	0.0000	0.0000	26.8956	-1.6596	 0.0000	0.0000	 0.3868	0.8433	 0.0039
2018-08-11	26.7142	-2.5428	0.0000	0.0000	27.1558	-1.3993	 0.0000	0.0000	 0.7450	0.7837	-0.0557
2018-08-18	27.0687	-2.1883	0.0000	0.0000	27.0691	-1.4860	 0.0000	0.0000	 0.7138	0.7910	-0.0484
2018-08-25	26.7830	-2.4740	0.0000	0.0000	26.9337	-1.6214	 0.0000	0.0000	 0.5776	0.7955	-0.0439
2018-09-01	26.4777	-2.7793	0.0000	0.0000	26.8242	-1.7309	 0.0000	0.0000	 0.4670	0.8434	 0.0040
2018-09-08	26.9022	-2.3547	0.0000	0.0000	26.8569	-1.6982	 0.0000	0.0000	 0.4989	0.7940	-0.0454
2018-09-15	27.1091	-2.1479	0.0000	0.0000	27.1353	-1.4198	 0.0000	0.0000	 0.7761	0.7502	-0.0893
2018-09-22	27.3169	-1.9400	0.0000	0.0000	27.4690	-1.0861	 0.0000	0.0000	 0.9423	0.7595	-0.0799
2018-09-29	27.2760	-1.9810	0.0000	0.0000	27.5313	-1.0238	 0.0000	0.0000	 0.8362	0.7389	-0.1005
2018-10-06	27.6866	-1.5704	0.0000	0.0000	27.6107	-0.9444	 0.0000	0.0000	 0.7496	0.7409	-0.0985
2018-10-13	27.8139	-1.4431	0.0000	0.0000	27.8466	-0.7086	 0.0000	0.0000	 0.8186	0.7689	-0.0705
2018-10-20	27.7123	-1.5447	0.0000	0.0000	27.7199	-0.8352	 0.0000	0.0000	 0.4681	0.8594	 0.0200
2018-10-27	27.5294	-1.7276	0.0000	0.0000	27.7594	-0.7957	 0.0000	0.0000	 0.2644	0.8837	 0.0443
2018-11-03	27.9603	-1.2966	0.0000	0.0000	27.9724	-0.5827	 0.0000	0.0000	 0.2344	0.8074	-0.0320
2018-11-10	28.1690	-1.0880	0.0000	0.0000	28.4371	-0.1180	 0.0000	0.3778	 0.4559	0.8003	-0.0392
2018-11-17	28.6604	-0.5965	0.0000	0.0000	28.7544	 0.1993	 0.0000	0.7333	 0.5790	0.8875	 0.0481
2018-11-24	28.7397	-0.5173	0.0000	0.0000	28.6917	 0.1366	 0.0000	1.0000	 0.4439	0.9671	 0.1277
2018-12-01	28.6130	-0.6440	0.0000	0.0364	28.4970	-0.0581	 0.0000	0.3111	 0.1773	0.9088	 0.0693
2018-12-08	28.6624	-0.5945	0.0000	0.0000	28.6084	 0.0533	 0.0000	0.6111	 0.2161	0.8643	 0.0249
2018-12-15	28.4834	-0.7736	0.0000	0.0000	29.1907	 0.6356	 0.0000	1.0000	 0.7262	0.8416	 0.0021
2018-12-22	28.1504	-1.1066	0.0000	0.0000	29.0877	 0.5326	 0.0000	1.0000	 0.6232	0.9156	 0.0762
2018-12-29	28.8677	-0.3892	0.0000	0.0000	28.8772	 0.3221	 0.0000	1.0000	 0.4134	0.9390	 0.0996
2019-01-05	28.2973	-0.9596	0.0000	0.0000	28.6116	 0.0564	 0.0000	0.7000	 0.1482	0.9547	 0.1154
2019-01-12	28.5055	-0.7515	0.0000	0.0000	28.9888	 0.4337	 0.0000	0.9333	 0.5261	0.9157	 0.0763
2019-01-19	28.5671	-0.6899	0.0000	0.0000	28.8783	 0.3232	 0.0000	0.9889	 0.4147	0.8793	 0.0399
2019-01-26	28.1910	-1.0660	0.0000	0.0000	28.7999	 0.2448	 0.0000	0.9444	 0.3352	0.9207	 0.0813
2019-02-02	28.8126	-0.4444	0.0000	0.1836	28.8824	 0.3273	 0.0000	0.9889	 0.4166	0.9554	 0.1160
2019-02-09	28.9777	-0.2793	0.0000	0.1800	28.7626	 0.2074	 0.0000	0.8444	 0.2954	0.8814	 0.0420
2019-02-16	28.8344	-0.4226	0.0000	0.0128	28.8772	 0.3221	 0.0000	1.0000	 0.4170	0.8137	-0.0257
2019-02-23	29.2984	 0.0414	0.0000	0.6868	29.2643	 0.7092	 0.0000	1.0000	 0.8499	0.8396	 0.0002
2019-03-02	29.6699	 0.4129	0.0000	1.0000	29.3940	 0.8389	 0.0881	1.1111	 1.0259	0.7876	-0.0519
2019-03-09	29.3567	 0.0997	0.0000	0.6468	28.8944	 0.3393	 0.2291	0.9444	 0.5750	0.8545	 0.0150
2019-03-16	28.9170	-0.3400	0.0000	0.0248	28.8318	 0.2767	 0.2291	1.0000	 0.5459	0.9507	 0.1113
2019-03-23	28.5944	-0.6626	0.0000	0.0000	28.9332	 0.3781	 0.2291	1.0000	 0.6078	0.9591	 0.1197
2019-03-30	29.2567	-0.0003	0.0000	0.6012	29.3533	 0.7982	 0.2569	1.0778	 0.9883	0.9439	 0.1046
2019-04-06	29.2351	-0.0218	0.0000	0.3648	28.6804	 0.5420	 0.3212	0.5667	 0.2758	0.8936	 0.0542
2019-04-13	29.3143	 0.0574	0.0000	0.7672	29.5921	 0.7947	 0.4806	1.6333	 1.1482	0.8672	 0.0277
2019-04-20	29.2476	-0.0094	0.0000	0.4584	29.5248	 0.9697	 1.0509	1.5444	 1.1591	0.9223	 0.0829
2019-04-27	29.5323	 0.2753	0.0000	0.7316	29.3763	 0.8212	 1.4326	1.3667	 1.1359	0.8669	 0.0275
2019-05-04	29.3410	 0.0841	0.0000	0.6752	29.3579	 0.8028	 1.5239	1.1111	 1.2419	0.9083	 0.0689
2019-05-11	28.5278	-0.7292	0.0000	0.0852	28.1452	-0.4099	 1.5239	0.1444	 0.1534	0.8747	 0.0353
2019-05-18	28.4531	-0.8039	0.0000	0.0000	28.4530	-0.1021	 1.5239	0.4778	 0.5594	0.8976	 0.0582
2019-05-25	28.2183	-1.0387	0.0000	0.0000	28.4238	-0.1313	 1.4356	0.4556	 0.5924	0.8165	-0.0229
2019-06-01	28.4293	-0.8277	0.0000	0.0000	28.0916	-0.4636	 1.2953	0.0000	 0.3224	0.8408	 0.0014
2019-06-08	27.6540	-1.6030	0.0000	0.0000	28.0387	-0.5164	 1.2953	0.0000	 0.3311	0.8017	-0.0377
2019-06-15	28.1942	-1.0628	0.0000	0.0000	27.6497	-0.9054	 1.2953	0.0000	 0.0044	0.8140	-0.0254
2019-06-22	27.6386	-1.6184	0.0000	0.0000	27.4463	-1.1088	 1.2690	0.0000	 0.0012	0.7945	-0.0449
2019-06-29	27.6692	-1.5878	0.0000	0.0000	27.6749	-0.8802	 1.2062	0.0000	 0.4301	0.8424	 0.0030
2019-07-06	27.3313	-1.9257	0.0000	0.0000	27.1494	-1.4057	 1.0463	0.0000	 0.1054	0.8380	-0.0015
2019-07-13	27.0199	-2.2371	0.0000	0.0000	26.8496	-1.7056	 0.4778	0.0000	 0.0062	0.7772	-0.0622
2019-07-20	26.5478	-2.7092	0.0000	0.0000	27.0108	-1.5443	 0.0970	0.0000	 0.2934	0.7424	-0.0970
2019-07-27	26.3699	-2.8871	0.0000	0.0000	26.6620	-1.8931	 0.0000	0.0000	 0.0417	0.7366	-0.1027
2019-08-03	26.2851	-2.9719	0.0000	0.0000	26.6663	-1.8888	 0.0000	0.0000	 0.1449	0.7411	-0.0982
2019-08-10	26.1229	-3.1341	0.0000	0.0000	26.1194	-2.4357	 0.0000	0.0000	-0.3050	0.7506	-0.0888
2019-08-17	26.2130	-3.0440	0.0000	0.0000	26.4004	-2.1547	 0.0000	0.0000	 0.0454	0.7244	-0.1150
2019-08-24	25.9812	-3.2758	0.0000	0.0000	26.1527	-2.4024	 0.0000	0.0000	-0.2036	0.6926	-0.1468
2019-08-31	26.1506	-3.1064	0.0000	0.0000	26.5284	-2.0267	 0.0000	0.0000	 0.1712	0.7086	-0.1308
2019-09-07	26.6094	-2.6476	0.0000	0.0000	26.4844	-2.0707	 0.0000	0.0000	 0.1264	0.6847	-0.1547
2019-09-14	26.6547	-2.6022	0.0000	0.0000	26.4206	-2.1346	 0.0000	0.0000	 0.0613	0.6605	-0.1789
2019-09-21	26.6146	-2.6424	0.0000	0.0000	26.3957	-2.1594	 0.0000	0.0000	-0.1074	0.6709	-0.1685
2019-09-28	26.6611	-2.5958	0.0000	0.0000	26.8883	-1.6668	 0.0000	0.0000	 0.2177	0.6656	-0.1738
2019-10-05	26.2716	-2.9853	0.0000	0.0000	26.6967	-1.8584	 0.0000	0.0000	-0.1421	0.6886	-0.1509
2019-10-12	27.2095	-2.0475	0.0000	0.0000	27.3672	-1.1879	 0.0000	0.0000	 0.3610	0.7467	-0.0927
2019-10-19	27.4442	-1.8128	0.0000	0.0000	27.5193	-1.0358	 0.0000	0.0000	 0.3024	0.7252	-0.1142
2019-10-26	27.6919	-1.5650	0.0000	0.0000	27.9423	-0.6128	 0.0000	0.0000	 0.4823	0.7373	-0.1022
2019-11-02	27.8057	-1.4513	0.0000	0.0000	28.0826	-0.4726	 0.0000	0.0000	 0.3788	0.7007	-0.1387
2019-11-09	27.9806	-1.2764	0.0000	0.0000	28.3284	-0.2267	 0.0000	0.0889	 0.3821	0.7217	-0.1177
2019-11-16	28.2657	-0.9913	0.0000	0.0000	28.4201	-0.1350	 0.0000	0.4444	 0.2551	0.7095	-0.1299
2019-11-23	28.5751	-0.6819	0.0000	0.0000	28.8471	 0.2920	 0.0000	0.8667	 0.6092	0.7595	-0.0799
2019-11-30	28.4508	-0.8062	0.0000	0.0000	29.0949	 0.5398	 0.0000	0.9333	 0.7861	0.7836	-0.0558
2019-12-07	28.7495	-0.5075	0.0000	0.0000	29.8313	 1.2762	 0.2733	1.8333	 1.4498	0.7976	-0.0419
2019-12-14	29.6617	 0.4048	0.0000	0.9992	29.9804	 1.4253	 1.4072	2.0000	 1.5262	0.8268	-0.0126
2019-12-21	29.9772	 0.7202	0.0000	1.0000	29.8451	 1.2900	 2.7227	1.8667	 1.3807	0.8048	-0.0346
2019-12-28	30.5737	 1.3167	1.3167	2.0000	29.5704	 1.0153	 3.8832	2.2222	 1.1067	0.8388	-0.0007
2020-01-04	30.4472	 1.1902	2.2477	1.7076	29.2299	 0.6748	 4.6053	1.0000	 0.7666	0.9703	 0.1127
2020-01-11	29.2540	-0.0029	2.2477	0.5588	28.9351	 0.3800	 4.6053	1.0000	 0.4719	0.9831	 0.1255
2020-01-18	29.3835	 0.1265	2.2477	0.6284	29.4487	 0.8936	 4.7029	1.6222	 0.9859	0.9540	 0.0965
2020-01-25	29.3895	 0.1325	2.2477	0.6072	29.7600	 1.2049	 5.3728	2.4222	 1.2952	0.9366	 0.0790
2020-02-01	29.7122	 0.4552	2.2477	1.0000	29.8201	 1.2650	 6.6870	3.1778	 1.3541	0.9207	 0.0632
2020-02-08	29.7825	 0.5255	2.2477	1.0000	29.7638	 1.2087	 7.9294	3.1667	 1.2967	0.9882	 0.1306
2020-02-15	29.6413	 0.3844	2.2773	0.8608	29.9590	 1.4039	 8.9449	3.4889	 1.4909	0.9373	 0.0798
2020-02-22	29.5548	 0.2978	2.2773	0.8348	29.7468	 1.1917	 9.7852	3.4778	 1.3243	0.9523	 0.0948
2020-02-29	29.4927	 0.2358	2.2773	0.8008	29.3896	 0.8344	10.1986	1.9333	 1.0124	0.9582	 0.1006
2020-03-07	29.3518	 0.0949	2.2773	0.6052	29.2697	 0.7146	 9.4942	1.1333	 0.9370	0.9616	 0.1040
2020-03-14	29.5535	 0.2965	2.2773	0.8828	29.6194	 1.0643	 8.5651	3.0778	 1.3313	0.9882	 0.1306
2020-03-21	29.7713	 0.5143	0.9606	1.0000	29.6222	 1.0671	 8.3242	2.9889	 1.3078	0.9553	 0.0978
2020-03-28	29.8511	 0.5941	0.0296	1.0000	29.6896	 1.1344	 8.7021	3.4778	 1.3361	0.8946	 0.0370
2020-04-04	29.9448	 0.6878	0.1279	1.0912	30.0119	 1.4568	 9.9961	3.7333	 1.6187	0.9346	 0.0770
2020-04-11	29.2729	 0.0160	0.1279	0.5508	29.7050	 1.1499	11.1601	3.8333	 1.2724	0.9843	 0.1267
2020-04-18	29.7020	 0.4450	0.1279	1.0000	29.7619	 1.2068	11.8153	3.1778	 1.3603	1.0083	 0.1507
2020-04-25	29.5868	 0.3298	0.1279	0.8676	29.8316	 1.2764	11.9076	3.6000	 1.5548	0.9406	 0.0830
2020-05-02	29.9836	 0.7266	0.3751	1.2036	29.6728	 1.1177	11.8036	3.2667	 1.5209	0.8984	 0.0408
2020-05-09	29.3657	 0.1088	0.3455	0.7076	29.4361	 0.8810	11.5242	2.4333	 1.4091	0.9579	 0.1003
2020-05-16	29.5301	 0.2732	0.3455	0.7804	28.8226	 0.2674	11.0108	0.8222	 0.9112	0.9846	 0.1270
2020-05-23	28.6921	-0.5649	0.3455	0.0000	28.9829	 0.4278	10.3237	1.0000	 1.1337	1.0104	 0.1528
2020-05-30	29.1409	-0.1161	0.3455	0.2196	29.6266	 1.0714	10.3023	3.5111	 1.8397	1.2473	 0.3897
2020-06-06	29.2146	-0.0423	0.3455	0.5020	29.1422	 0.5871	10.2031	1.0000	 1.4176	1.1358	 0.2783
2020-06-13	28.5248	-0.7321	0.3455	0.0000	28.8224	 0.2673	 9.2840	1.0000	 1.1592	1.0118	 0.1542
2020-06-20	28.2566	-1.0003	0.3455	0.0000	28.3148	-0.2403	 8.1844	0.0000	 0.8133	0.9062	 0.0487
2020-06-27	28.1421	-1.1149	0.2472	0.0000	28.2047	-0.3504	 6.8899	0.0000	 0.9031	0.8623	 0.0048
2020-07-04	28.3314	-0.9256	0.2472	0.0000	28.0417	-0.5134	 5.6286	0.0000	 0.9408	0.9096	 0.0521
2020-07-11	27.9738	-1.2832	0.2472	0.0000	27.9002	-0.6549	 4.3032	0.0000	 0.9986	0.9226	 0.0651
2020-07-18	27.5660	-1.6910	0.2472	0.0000	28.0521	-0.5030	 2.8978	0.0000	 1.3060	0.8737	 0.0161
2020-07-25	27.5024	-1.7545	0.0000	0.0000	27.6043	-0.9508	 1.7599	0.0000	 0.9579	0.8287	-0.0288
2020-08-01	27.0169	-2.2401	0.0000	0.0000	27.7620	-0.7931	 1.0223	0.0000	 1.2120	0.7526	-0.1049
2020-08-08	27.3174	-1.9396	0.0000	0.0000	27.3879	-1.1672	 0.6966	0.0000	 0.9364	0.7828	-0.0747
2020-08-15	27.7691	-1.4879	0.0000	0.0000	27.5742	-0.9809	 0.6966	0.0000	 1.2192	0.8573	-0.0002
2020-08-22	27.1350	-2.1220	0.0000	0.0000	27.4409	-1.1142	 0.2881	0.0000	 1.0847	0.8529	-0.0047
2020-08-29	27.0590	-2.1980	0.0000	0.0000	27.6401	-0.9150	 0.0000	0.0000	 1.2831	0.8572	-0.0003
2020-09-05	27.3340	-1.9230	0.0000	0.0000	27.7340	-0.8211	 0.0000	0.0000	 1.3759	0.8197	-0.0379
2020-09-12	27.7211	-1.5359	0.0000	0.0000	27.8110	-0.7441	 0.0000	0.0000	 1.4521	0.8500	-0.0076
2020-09-19	27.2388	-2.0182	0.0000	0.0000	27.8542	-0.7009	-0.7009	0.0000	 1.3997	0.8654	 0.0079
2020-09-26	27.8984	-1.3586	0.0000	0.0000	28.2177	-0.3374	 0.0000	0.0000	 1.5958	0.8482	-0.0093
2020-10-03	27.9651	-1.2918	0.0000	0.0000	28.4438	-0.1113	 0.0000	0.3222	 1.6534	0.8180	-0.0396
2020-10-10	28.0795	-1.1774	0.0000	0.0000	27.9216	-0.6336	 0.0000	0.0000	 0.9646	0.8106	-0.0469
2020-10-17	28.2520	-1.0049	0.0000	0.0000	28.5377	-0.0174	 0.0000	0.5667	 1.3902	0.8438	-0.0138
2020-10-24	28.5713	-0.6857	0.0000	0.0000	28.5534	-0.0017	 0.0000	0.6222	 1.1628	0.9139	 0.0563
2020-10-31	28.1903	-1.0667	0.0000	0.0000	29.0352	 0.4801	 0.0000	0.8667	 1.4012	1.0123	 0.1547
2020-11-07	28.4939	-0.7631	0.0000	0.0000	28.9883	 0.4332	 0.0000	1.0000	 1.1110	1.0420	 0.1844
2020-11-14	29.0251	-0.2319	0.0000	0.0144	29.4480	 0.8929	 0.0229	1.1556	 1.3280	1.0496	 0.1920
2020-11-21	28.9803	-0.2767	0.0000	0.0240	29.4817	 0.9266	 0.1370	1.2556	 1.2649	0.9602	 0.1026
2020-11-28	29.5312	 0.2742	0.0000	1.0000	29.6597	 1.1046	 0.7706	1.9667	 1.3707	0.9649	 0.1073
2020-12-05	29.9410	 0.6840	0.0000	1.0000	29.2613	 0.7062	 0.8258	1.0000	 0.8996	1.0997	 0.2421
2020-12-12	30.1399	 0.8829	0.1873	1.1804	29.2283	 0.6732	 0.9024	1.0000	 0.7951	1.1001	 0.2425
2020-12-19	29.6318	 0.3748	0.1873	0.9992	28.9129	 0.3578	 0.9024	1.0000	 0.4489	1.1057	 0.2481
2020-12-26	29.1213	-0.1356	0.1873	0.1600	28.9901	 0.4350	 0.9024	1.0000	 0.5262	1.1153	 0.2578
2021-01-02	29.8004	 0.5434	0.1873	1.0000	29.0846	 0.5294	 0.9024	1.0000	 0.6211	1.1646	 0.3070
2021-01-09	28.6744	-0.5826	0.1873	0.0000	28.7227	 0.1676	 0.9024	0.8556	 0.2599	1.1038	 0.2462
2021-01-16	28.7789	-0.4780	0.1873	0.0000	28.5741	 0.0190	 0.9171	0.6778	 0.1113	1.1237	 0.2661
2021-01-23	28.3099	-0.9471	0.1873	0.0000	28.6830	 0.1279	 0.9171	0.8444	 0.2186	1.1326	 0.2750
2021-01-30	28.0678	-1.1892	0.1873	0.0000	28.6662	 0.1111	 0.9171	0.7556	 0.2016	1.1612	 0.3036
2021-02-06	28.5013	-0.7556	0.1873	0.0000	28.4806	-0.0746	 0.8943	0.2444	 0.0140	1.1914	 0.3338
2021-02-13	28.8276	-0.4293	0.1873	0.0000	28.3611	-0.1940	 0.7802	0.0000	-0.1077	1.0277	 0.1702
2021-02-20	29.6390	 0.3820	0.1873	0.9892	28.7760	 0.2209	 0.1462	0.8444	 0.3404	0.9585	 0.1010
2021-02-27	28.1329	-1.1241	0.1873	0.0000	28.5216	-0.0336	 0.0914	0.5000	 0.1340	0.9588	 0.1013
2021-03-06	28.9533	-0.3036	0.0000	0.2888	28.5991	 0.0440	 0.0149	0.5667	 0.2584	1.0564	 0.1989
2021-03-13	28.3027	-0.9543	0.0000	0.0000	28.3431	-0.2120	 0.0149	0.0000	 0.0490	1.0307	 0.1731
2021-03-20	28.8933	-0.3637	0.0000	0.0260	29.1010	 0.5459	 0.0149	1.0000	 0.7923	0.9788	 0.1212
2021-03-27	28.8959	-0.3611	0.0000	0.0000	29.1422	 0.5871	 0.0149	1.0000	 0.7942	1.0031	 0.1456
2021-04-03	29.5165	 0.2595	0.0000	0.9772	28.9479	 0.3928	 0.0149	1.0000	 0.5603	0.9009	 0.0433
2021-04-10	29.2202	-0.0502	0.0000	0.4740	29.0680	 0.5129	 0.0000	1.0000	 0.6411	1.0998	 0.2422
2021-04-17	28.7314	-0.5256	0.0000	0.0580	29.1216	 0.5664	 0.0000	1.0000	 0.7019	1.1520	 0.2944
2021-04-24	28.9027	-0.3543	0.0000	0.0604	29.0689	 0.5138	 0.0000	1.0000	 0.7748	1.0380	 0.1804
2021-05-01	28.6260	-0.6310	0.0000	0.0000	29.1782	 0.6231	 0.0000	1.0000	 1.0081	0.9799	 0.1224
2021-05-08	28.7269	-0.5300	0.0000	0.0000	28.9836	 0.4284	 0.0000	1.0000	 0.9393	0.9461	 0.0885
2021-05-15	28.8083	-0.4487	0.0000	0.0000	28.7154	 0.1603	 0.0000	0.7444	 0.7954	0.8811	 0.0235
2021-05-22	29.1630	-0.0940	0.0000	0.3352	28.9401	 0.3850	 0.0000	1.0000	 1.0824	0.8890	 0.0315
2021-05-29	28.9479	-0.3091	0.0000	0.3672	28.7196	 0.1644	 0.0000	0.7000	 0.9234	0.9622	 0.1046
2021-06-05	28.4486	-0.8084	0.0000	0.0000	28.7850	 0.2299	 0.0000	0.7111	 1.0511	1.0497	 0.1922
2021-06-12	28.7154	-0.5416	0.0000	0.1572	28.6250	 0.0699	 0.0000	0.6778	 0.9533	1.1439	 0.2864
2021-06-19	28.5146	-0.7424	0.0000	0.0000	29.0440	 0.4889	 0.0000	1.0000	 1.5137	1.0546	 0.1970
2021-06-26	28.6737	-0.5832	0.0000	0.0000	28.5881	 0.0330	 0.0000	0.5889	 1.2571	1.0516	 0.1941
2021-07-03	28.2392	-1.0177	0.0000	0.0000	28.4602	-0.0949	 0.0000	0.3556	 1.3298	1.0301	 0.1726
2021-07-10	28.0492	-1.2078	0.0000	0.0000	28.4064	-0.1487	 0.0000	0.4000	 1.4766	0.9896	 0.1320
2021-07-17	28.0323	-1.2991	0.0000	0.0000	28.0687	-0.4864	 0.0000	0.0000	 1.3119	0.9526	 0.0951
2021-07-24	27.8753	-1.3816	0.0000	0.0000	27.8300	-0.7251	 0.0000	0.0000	 1.1682	0.9990	 0.1414
2021-07-31	27.3674	-1.8896	0.0000	0.0000	27.8248	-0.7303	 0.0000	0.0000	 1.2612	0.9481	 0.0905
2021-08-07	27.5597	-1.6973	0.0000	0.0000	27.8574	-0.6977	 0.0000	0.0000	 1.3903	0.8339	-0.0236
2021-08-14	27.4166	-1.8403	0.0000	0.0000	27.5424	-1.0127	 0.0000	0.0000	 1.1768	0.8022	-0.0553
2021-08-21	27.5491	-1.7079	0.0000	0.0000	27.9223	-0.6328	 0.0000	0.0000	 1.5663	0.8212	-0.0364
2021-08-28	27.3194	-1.9376	0.0000	0.0000	27.7166	-0.8386	 0.0000	0.0000	 1.3596	0.8715	 0.0139
2021-09-04	27.5317	-1.7253	0.0000	0.0000	27.8841	-0.6710	 0.0000	0.0000	 1.5260	0.9063	 0.0487
2021-09-11	27.5833	-1.6737	0.0000	0.0000	27.6702	-0.8849	 0.0000	0.0000	 1.3118	0.8690	 0.0115
2021-09-18	27.9114	-1.3456	0.0000	0.0000	28.0127	-0.5424	 0.0000	0.0000	 1.5823	0.8250	-0.0326
2021-09-25	28.2969	-0.9601	0.0000	0.0000	28.2316	-0.3236	 0.0000	0.0000	 1.6331	0.8283	-0.0292
2021-10-02	28.2148	-1.0421	0.0000	0.0000	28.3657	-0.1894	 0.0000	0.0000	 1.5998	0.8198	-0.0378
2021-10-09	27.8788	-1.3782	0.0000	0.0000	28.0171	-0.5380	 0.0000	0.0000	 1.0830	0.8949	 0.0373
2021-10-16	27.6214	-1.6355	0.0000	0.0000	28.3888	-0.1663	 0.0000	0.3444	 1.2758	0.9217	 0.0642
2021-10-23	28.3527	-0.9043	0.0000	0.0000	28.7228	 0.1677	 0.0000	0.8222	 1.3671	0.9190	 0.0614
2021-10-30	28.3596	-0.8974	0.0000	0.0000	28.7751	 0.2200	 0.0000	0.7889	 1.1761	1.0113	 0.1538
2021-11-06	28.9576	-0.2994	0.0000	0.0000	29.1164	 0.5613	 0.0000	1.0000	 1.2741	1.0266	 0.1691
2021-11-13	29.6862	 0.4292	0.0000	1.0000	29.3044	 0.7493	 0.1273	1.0000	 1.2189	1.1404	 0.2829
2021-11-20	29.4549	 0.1979	   NaN	0.9296	29.1226	 0.5674	 0.2866	1.0000	 0.9162	1.1572	 0.2996
2021-11-27	29.1122	-0.1448	   NaN	0.3148	29.3712	 0.8161	 0.4760	1.0000	 1.0922	1.1074	 0.2499
2021-12-04	29.3099	 0.0530	   NaN	0.6212	29.0873	 0.5322	 0.4823	1.0000	 0.7368	1.1453	 0.2877
2021-12-11	29.4466	 0.1897	   NaN	0.7248	29.0214	 0.4663	 0.5002	1.0000	 0.5984	1.1928	 0.3353
2021-12-18	28.9817	-0.2753	   NaN	0.0000	29.4492	 0.8941	 0.8449	1.4778	 0.9847	1.1265	 0.2689
2021-12-25	29.7655	 0.5085	   NaN	1.0000	29.2984	 0.7433	 1.0880	1.0111	 0.8346	1.0903	 0.2328
2022-01-01	29.5497	 0.2927	   NaN	0.8248	29.0706	 0.5154	 1.1154	1.0000	 0.6071	1.1004	 0.2428
2022-01-08	29.2703	 0.0133	   NaN	0.5024	29.0851	 0.5300	 1.1203	1.0000	 0.6223	1.0566	 0.1991
2022-01-15	29.1994	-0.0576	   NaN	0.3608	29.1681	 0.6130	 1.1203	1.0000	 0.7053	0.9443	 0.0867
2022-01-22	28.7012	-0.5558	   NaN	0.0000	28.6173	 0.0622	 1.1203	0.7556	 0.1536	1.0086	 0.1510
2022-01-29	29.0244	-0.2326	   NaN	0.2164	29.1480	 0.5929	 1.1203	1.0000	 0.6831	1.0635	 0.2059
2022-02-05	28.7762	-0.4807	   NaN	0.0000	28.8841	 0.3290	 0.9926	0.9667	 0.4180	1.0220	 0.1645
2022-02-12	28.8713	-0.3857	   NaN	0.0000	28.9809	 0.4258	 0.8531	0.9889	 0.5128	0.9764	 0.1188
2022-02-19	28.6871	-0.5698	   NaN	0.0000	29.1483	 0.5932	 0.6636	1.0000	 0.7071	1.0363	 0.1787
2022-02-26	28.2926	-0.9644	   NaN	0.0000	28.5804	 0.0253	 0.6571	0.7333	 0.1859	1.0163	 0.1587
2022-03-05	28.8543	-0.4026	   NaN	0.0000	28.8798	 0.3247	 0.6388	0.9000	 0.5326	1.0611	 0.2035
2022-03-12	29.2756	 0.0186	   NaN	0.5888	29.3436	 0.7884	 0.2951	1.0000	 1.0426	0.9978	 0.1402
2022-03-26	29.6135	 0.3566	   NaN	1.0000	29.6919	 1.1368	 0.4038	1.7000	 1.3496	1.0736	 0.2160
2022-04-02	29.5542	 0.2972	   NaN	0.8392	29.5772	 1.0221	 0.8759	1.7000	 1.1951	1.1030	 0.2454
2022-04-16	29.3593	 0.1023	   NaN	0.7300	29.8050	 1.2499	 2.6258	2.1111	 1.3671	1.0679	 0.2104
2022-04-23	30.1810	 0.9240	1.0528	1.4580	29.6330	 1.0779	 3.5898	2.0333	 1.3206	1.0160	 0.1585
2022-04-30	29.7880	 0.5310	1.0513	1.0064	29.7164	 1.1613	 4.5051	2.2556	 1.5303	1.1008	 0.2433
2022-05-07	29.3277	 0.0707	1.0513	0.6720	29.5783	 1.0232	 5.2120	2.3000	 1.5156	1.0160	 0.1584
2022-05-14	29.2829	 0.0259	1.0513	0.6136	29.6819	 1.1268	 6.1628	2.4889	 1.7448	1.1482	 0.2906
2022-05-21	29.5033	 0.2463	1.0513	1.0000	29.5261	 0.9710	 7.1478	2.1667	 1.6593	1.2246	 0.3670
2022-05-28	29.3077	 0.0507	1.0513	0.6928	29.4977	 0.9426	 7.8068	2.0889	 1.6928	1.1415	 0.2840
2022-06-11	29.0489	-0.2081	1.0513	0.0000	29.3299	 0.7748	 8.0164	1.0000	 1.6490	1.0849	 0.2273
