tanggal	sst_mur	hs_mur	dhw_mur	ba_mur	sst_ct5km	hs_ct5km	dhw_ct5km	ba_ct5km	ssta_ct5km	adt	sla
2016-01-02	28.9398	-1.1003	0.0599	0.0000	29.4922	 0.1460	 1.1916	1.0000	 0.4552	0.9847	 0.0002
2016-01-09	29.7848	-0.2553	0.0599	0.0398	30.1784	 0.5132	 1.1990	1.4783	 0.8737	0.9794	-0.0050
2016-01-16	30.2588	 0.2187	0.0599	0.8229	30.4710	 0.9565	 1.4777	2.0725	 1.3701	0.9758	-0.0086
2016-01-23	30.6315	 0.5913	0.0599	1.0000	29.0919	 0.5777	 1.9124	0.0145	 1.0559	1.0043	 0.0199
2016-01-30	30.0183	-0.0218	0.0599	0.5446	29.2646	 0.0963	 1.9124	0.6087	 0.6391	1.0532	 0.0688
2016-02-06	29.6556	-0.3846	0.0599	0.0012	29.6899	 0.2616	 1.9124	1.0000	 0.8689	1.0490	 0.0645
2016-02-13	29.4858	-0.5544	0.0599	0.0000	29.3172	-0.2988	 1.9114	0.7391	 0.3730	1.0671	 0.0827
2016-02-20	29.6769	-0.3632	0.0599	0.0000	29.8658	 0.3673	 1.9114	1.0000	 1.0213	1.0559	 0.0715
2016-02-27	29.8954	-0.1448	0.0599	0.1036	29.6565	 0.7162	 1.8324	1.0000	 1.3193	1.0480	 0.0636
2016-03-05	29.8046	-0.2355	0.0599	0.0010	29.8683	 0.3524	 1.3261	1.0000	 0.9050	1.0465	 0.0621
2016-03-12	30.2475	 0.2073	0.0000	0.9182	30.7049	 0.9492	 1.2440	2.0000	 1.4507	1.0488	 0.0644
2016-03-19	29.6330	-0.4072	0.0000	0.0000	30.2114	 0.5205	 1.2600	1.8551	 0.9565	1.0560	 0.0716
2016-03-26	30.4082	 0.3680	0.0000	1.0000	30.5768	 0.9754	 1.5007	2.7536	 1.3394	1.0340	 0.0496
2016-04-02	30.6621	 0.6219	0.0050	1.0048	30.2855	 1.2630	 2.5884	2.1884	 1.5539	1.0356	 0.0512
2016-04-09	30.1399	 0.0997	0.0050	0.8434	30.4374	 0.8534	 2.7225	2.9710	 1.0703	1.0370	 0.0526
2016-04-16	30.0369	-0.0032	0.0050	0.4882	30.3671	 0.6615	 2.3056	2.8551	 0.8268	1.0300	 0.0456
2016-04-23	30.3552	 0.3150	0.0050	1.0000	30.2403	 0.5971	 2.4013	2.6667	 0.8518	1.0193	 0.0349
2016-04-30	29.6523	-0.3879	0.0050	0.0051	30.1930	 0.5825	 2.4013	2.7101	 0.9269	1.0144	 0.0300
2016-05-07	30.3151	 0.2749	0.0050	1.0000	31.0220	 0.9708	 2.6200	3.6377	 1.4022	1.0187	 0.0343
2016-05-14	30.3466	 0.3064	0.0050	0.9999	30.2014	 0.7174	 3.0186	2.6522	 1.2386	1.0311	 0.0466
2016-05-21	29.9299	-0.1103	0.0050	0.1319	30.7843	 0.5174	 3.0186	3.9710	 1.2065	1.0096	 0.0251
2016-05-28	30.0493	 0.0091	0.0050	0.4828	30.0313	 0.5219	 3.0186	1.0435	 1.3938	0.9878	 0.0034
2016-06-04	29.7048	-0.3354	0.0050	0.0000	30.2265	-0.0127	 2.4950	2.6957	 1.0411	1.0272	 0.0427
2016-06-11	29.9902	-0.0500	0.0050	0.4138	30.0674	 0.0440	 2.4791	1.0000	 1.2822	1.0502	 0.0657
2016-06-18	29.3424	-0.6978	0.0050	0.0000	28.9743	-0.3694	 2.2384	0.1739	 1.0550	1.0546	 0.0702
2016-06-25	29.0482	-0.9919	0.0000	0.0000	29.4030	-0.6972	 1.1438	0.6812	 0.9239	1.0424	 0.0579
2016-07-02	28.8665	-1.1737	0.0000	0.0000	29.4628	-0.8928	 0.7303	1.0000	 0.9248	1.0374	 0.0530
2016-07-09	28.3003	-1.7398	0.0000	0.0000	29.1755	-1.3658	 0.7127	0.4638	 0.6480	1.0240	 0.0395
2016-07-16	28.0299	-2.0103	0.0000	0.0000	29.0297	-1.5829	 0.6172	0.3623	 0.6097	1.0000	 0.0156
2016-07-23	28.0691	-1.9711	0.0000	0.0000	29.1704	-1.2518	 0.6172	0.3768	 1.0074	1.0122	 0.0277
2016-07-30	28.0320	-2.0082	0.0000	0.0000	29.1017	-1.6723	 0.3988	0.0000	 0.6546	1.0211	 0.0366
2016-08-06	28.1062	-1.9340	0.0000	0.0000	28.6465	-1.8200	 0.0000	0.0000	 0.5736	1.0260	 0.0416
2016-08-13	27.6403	-2.3999	0.0000	0.0000	28.6158	-1.8379	 0.0000	0.0000	 0.6225	0.9752	-0.0093
2016-08-20	27.7658	-2.2744	0.0000	0.0000	28.6587	-1.9536	 0.0000	0.0000	 0.4772	0.9878	 0.0033
2016-08-27	27.6681	-2.3721	0.0000	0.0000	28.6923	-1.6253	 0.0000	0.0000	 0.7360	0.9847	 0.0003
2016-09-03	28.3894	-1.6508	0.0000	0.0000	29.0567	-1.1191	 0.0000	0.2464	 1.1738	0.9837	-0.0008
2016-09-10	28.4798	-1.5603	0.0000	0.0000	28.4259	-1.0800	 0.0000	0.0000	 1.1434	1.0134	 0.0289
2016-09-17	28.6515	-1.3887	0.0000	0.0000	29.2658	-0.6660	 0.0000	0.5797	 1.4371	1.0119	 0.0274
2016-09-24	29.2870	-0.7532	0.0000	0.0000	29.3457	-0.3657	 0.0000	1.0000	 1.4910	1.0186	 0.0342
2016-10-01	29.4148	-0.6254	0.0000	0.0101	29.5568	-0.0166	 0.0000	1.0000	 1.5946	1.0294	 0.0449
2016-10-08	29.6218	-0.4184	0.0000	0.0199	29.1941	-0.6567	 0.0000	0.5942	 0.7074	1.0173	 0.0329
2016-10-15	29.3564	-0.6837	0.0000	0.0000	29.5133	-0.1997	 0.0000	0.8406	 0.9177	1.0155	 0.0311
2016-10-22	29.6413	-0.3988	0.0000	0.0038	29.2093	-0.0400	 0.0000	0.5217	 0.8250	1.0519	 0.0675
2016-10-29	29.7926	-0.2476	0.0000	0.0710	29.7587	-0.4543	 0.0000	1.0000	 0.1587	1.0686	 0.0842
2016-11-05	29.9131	-0.1270	0.0000	0.1932	29.5993	 0.1126	 0.0000	1.0000	 0.4726	1.0826	 0.0982
2016-11-12	30.0705	 0.0304	0.0000	0.5446	30.1035	 0.7296	 0.0091	1.2029	 0.8382	1.1099	 0.1255
2016-11-19	30.3842	 0.3440	0.0000	0.9913	30.2293	 0.7810	 0.2657	1.7101	 0.8048	1.0944	 0.1100
2016-11-26	30.2640	 0.2238	0.0000	0.9480	30.4832	 1.1083	 0.4741	2.0000	 1.1732	1.0785	 0.0941
2016-12-03	30.7993	 0.7592	0.0295	1.0288	30.2945	 0.9856	 1.1894	2.0145	 1.0916	1.1014	 0.1170
2016-12-10	30.9006	 0.8604	0.2105	1.1674	29.9996	 1.5153	 2.4826	1.3478	 1.6635	1.1066	 0.1222
2016-12-17	30.8548	 0.8146	0.2153	1.0048	29.6351	 1.0409	 3.7644	1.0000	 1.2321	1.1016	 0.1172
2016-12-24	30.0532	 0.0130	0.2153	0.5755	29.2668	 0.6355	 3.9390	0.6232	 0.8782	1.1226	 0.1381
2016-12-31	29.8823	-0.1579	0.2153	0.0570	29.0983	 0.2138	 3.9410	0.2899	 0.5081	1.1196	 0.1352
2017-01-07	28.8629	-1.1773	0.2153	0.0000	29.0713	-0.4148	 3.9410	0.2029	-0.0688	1.1321	 0.1476
2017-01-14	28.9985	-1.0417	0.2153	0.0000	29.1312	 0.0353	 3.9410	0.3768	 0.4326	1.1351	 0.1507
2017-01-21	29.7809	-0.2593	0.2153	0.0000	29.5699	 0.0713	 3.9410	0.9855	 0.5315	1.1347	 0.1502
2017-01-28	29.4279	-0.6123	0.2153	0.0000	29.4622	 0.4224	 3.9413	1.0000	 0.9466	1.1300	 0.1455
2017-02-04	28.4509	-1.5892	0.2153	0.0000	28.4904	-0.3167	 3.9322	0.0000	 0.2720	1.1469	 0.1624
2017-02-11	29.0665	-0.9737	0.2153	0.0000	28.6842	-0.5133	 3.6758	0.0000	 0.1398	1.1205	 0.1361
2017-02-18	28.6114	-1.4287	0.2153	0.0000	28.5254	-0.5673	 3.4673	0.0000	 0.1002	1.1184	 0.1339
2017-02-25	29.4580	-0.5822	0.1858	0.0000	29.2290	 0.1841	 2.7525	0.4638	 0.7994	1.1234	 0.1390
2017-03-04	29.6204	-0.4198	0.0048	0.0000	29.4658	-0.0531	 1.4590	1.0000	 0.5087	1.1068	 0.1224
2017-03-11	29.7152	-0.3250	0.0000	0.0128	29.5004	 0.1148	 0.1775	1.0000	 0.6244	1.0973	 0.1128
2017-03-18	29.5247	-0.5155	0.0000	0.0000	29.7139	 0.0437	 0.0023	1.0000	 0.4916	1.0938	 0.1094
2017-03-25	29.7810	-0.2592	0.0000	0.0038	29.3687	 0.0560	 0.0004	0.7681	 0.4300	1.1083	 0.1239
2017-04-01	29.7178	-0.3224	0.0000	0.0045	29.4593	 0.0868	 0.0004	1.0000	 0.3879	1.1249	 0.1405
2017-04-08	29.6946	-0.3456	0.0000	0.0191	29.4896	-0.0644	 0.0004	1.0000	 0.1628	1.1200	 0.1356
2017-04-15	30.2096	 0.1694	0.0000	1.0000	29.8345	 0.6490	 0.0004	1.0000	 0.8026	1.1100	 0.1256
2017-04-22	30.1897	 0.1496	0.0000	1.0000	30.0526	 0.7481	 0.1242	1.0000	 0.9902	1.1047	 0.1203
2017-04-29	30.1634	 0.1232	0.0000	0.9308	30.3678	 1.0269	 0.3097	2.0000	 1.3575	1.0979	 0.1134
2017-05-06	30.2570	 0.2168	0.0000	0.9752	29.9009	 0.5432	 0.5985	1.0000	 0.9625	1.0773	 0.0929
2017-05-13	29.3606	-0.6796	0.0000	0.0000	29.8665	-0.1986	 0.5985	1.0145	 0.3089	1.0541	 0.0697
2017-05-20	29.0168	-1.0234	0.0000	0.0000	29.7357	-0.1665	 0.5985	1.0000	 0.4960	1.0518	 0.0674
2017-05-27	28.9886	-1.0516	0.0000	0.0000	29.8014	-0.5475	 0.5985	1.0000	 0.2969	1.0604	 0.0760
2017-06-03	28.5428	-1.4974	0.0000	0.0000	29.1726	-1.0703	 0.5985	0.2609	-0.0419	1.0832	 0.0988
2017-06-10	28.2652	-1.7750	0.0000	0.0000	29.3629	-1.0053	 0.5985	1.0000	 0.2050	1.0821	 0.0977
2017-06-17	28.1227	-1.9174	0.0000	0.0000	29.1097	-1.1882	 0.5985	0.4493	 0.2079	1.0548	 0.0704
2017-06-24	27.9681	-2.0721	0.0000	0.0000	28.4332	-1.3216	 0.5985	0.0000	 0.2717	1.0282	 0.0438
2017-07-01	28.1646	-1.8756	0.0000	0.0000	28.5183	-1.4978	 0.5985	0.0000	 0.2920	1.0207	 0.0363
2017-07-08	27.9264	-2.1138	0.0000	0.0000	28.5265	-1.4290	 0.5985	0.0000	 0.5574	1.0270	 0.0426
2017-07-15	27.9174	-2.1228	0.0000	0.0000	28.3158	-1.7070	 0.4739	0.0000	 0.4756	1.0190	 0.0346
2017-07-22	27.7597	-2.2805	0.0000	0.0000	28.4593	-1.8311	 0.2888	0.0000	 0.4181	1.0047	 0.0202
2017-07-29	27.6532	-2.3870	0.0000	0.0000	28.3364	-1.7518	 0.0000	0.0000	 0.5651	0.9887	 0.0043
2017-08-05	27.8508	-2.1894	0.0000	0.0000	28.0959	-1.6792	 0.0000	0.0000	 0.7051	0.9839	-0.0006
2017-08-12	27.9537	-2.0865	0.0000	0.0000	28.0981	-2.0205	 0.0000	0.0000	 0.4307	0.9925	 0.0081
2017-08-19	27.7942	-2.2460	0.0000	0.0000	28.1452	-1.8415	 0.0000	0.0000	 0.5987	0.9876	 0.0032
2017-08-26	27.7169	-2.3233	0.0000	0.0000	27.9970	-2.0800	 0.0000	0.0000	 0.2919	0.9825	-0.0019
2017-09-02	27.2869	-2.7533	0.0000	0.0000	27.9322	-2.3699	 0.0000	0.0000	-0.0674	0.9864	 0.0020
2017-09-09	27.5098	-2.5304	0.0000	0.0000	27.9345	-2.0677	 0.0000	0.0000	 0.1660	0.9968	 0.0124
2017-09-16	27.3942	-2.6460	0.0000	0.0000	28.1194	-2.0553	 0.0000	0.0000	 0.0850	0.9973	 0.0129
2017-09-23	27.7142	-2.3260	0.0000	0.0000	28.2784	-1.7140	 0.0000	0.0000	 0.1787	0.9985	 0.0140
2017-09-30	28.6659	-1.3743	0.0000	0.0000	28.7122	-1.1944	 0.0000	0.0000	 0.4528	0.9989	 0.0145
2017-10-07	28.6534	-1.3868	0.0000	0.0000	28.9535	-0.8812	 0.0000	0.0000	 0.5174	1.0003	 0.0158
2017-10-14	29.0103	-1.0298	0.0000	0.0000	29.1113	-0.7320	 0.0000	0.0435	 0.4196	1.0260	 0.0416
2017-10-21	29.0943	-0.9458	0.0000	0.0000	28.9509	-0.1382	 0.0000	0.0000	 0.7636	1.0564	 0.0719
2017-10-28	29.5735	-0.4667	0.0000	0.0000	29.6201	 0.3776	 0.0000	1.0000	 1.0261	1.0655	 0.0810
2017-11-04	30.3870	 0.3468	0.0000	0.9733	30.0087	 0.7660	 0.0368	1.0000	 1.1621	1.0771	 0.0926
2017-11-11	30.4076	 0.3674	0.0000	0.9130	29.9870	 0.7713	 0.1225	1.0145	 0.9150	1.0793	 0.0949
2017-11-18	30.5872	 0.5470	0.0000	1.0000	29.9888	 0.5241	 0.4158	1.0000	 0.5416	1.0706	 0.0862
2017-11-25	30.1276	 0.0874	0.0000	0.7745	30.0158	 0.3346	 0.4702	1.0580	 0.3938	1.0983	 0.1138
2017-12-02	30.2989	 0.2587	0.0000	1.0000	29.7499	 0.4371	 0.4702	1.0000	 0.5376	1.1245	 0.1401
2017-12-09	29.9201	-0.1201	0.0000	0.1169	29.2812	 0.4935	 0.5462	0.7536	 0.6352	1.1228	 0.1384
2017-12-16	30.3422	 0.3021	0.0000	0.9994	29.7588	 0.4776	 0.6119	1.0000	 0.6619	1.1083	 0.1239
2017-12-23	29.5111	-0.5291	0.0000	0.0000	29.3007	-0.0322	 0.6119	0.6522	 0.2033	1.1034	 0.1190
2017-12-30	29.3982	-0.6420	0.0000	0.0000	28.8104	 0.1392	 0.6119	0.0145	 0.4263	1.0986	 0.1141
2018-01-06	29.7772	-0.2629	0.0000	0.0243	29.4887	 0.7442	 0.6200	1.0000	 1.0830	1.1160	 0.1315
2018-01-13	29.9317	-0.1084	0.0000	0.2717	28.9800	 0.2341	 0.6200	0.0290	 0.6243	1.1257	 0.1412
2018-01-20	28.8416	-1.1986	0.0000	0.0000	28.3809	-0.2176	 0.6200	0.0000	 0.2330	1.1405	 0.1561
2018-01-27	29.1462	-0.8940	0.0000	0.0000	28.4784	-0.0438	 0.5831	0.0000	 0.4714	1.1368	 0.1524
2018-02-03	28.9164	-1.1238	0.0000	0.0000	28.3820	-0.5834	 0.4975	0.0000	-0.0036	1.1325	 0.1481
2018-02-10	28.8416	-1.1985	0.0000	0.0000	28.4193	-0.6842	 0.2043	0.0000	-0.0398	1.1321	 0.1477
2018-02-17	28.4370	-1.6032	0.0000	0.0000	28.3662	-0.6462	 0.1494	0.0000	 0.0300	1.1510	 0.1666
2018-02-24	29.2613	-0.7789	0.0000	0.0000	28.6255	-0.1408	 0.1494	0.0000	 0.4822	1.1475	 0.1631
2018-03-03	29.6872	-0.3530	0.0000	0.0000	29.1803	-0.2570	 0.0738	0.4058	 0.3128	1.1212	 0.1368
2018-03-10	29.7127	-0.3275	0.0000	0.0000	29.3854	 0.0488	 0.0080	1.0000	 0.5654	1.1208	 0.1364
2018-03-17	29.4559	-0.5843	0.0000	0.0000	29.1538	-0.1997	 0.0080	0.3043	 0.2591	1.1239	 0.1395
2018-03-24	29.6395	-0.4007	0.0000	0.0089	29.6426	 0.1167	 0.0080	1.0000	 0.5018	1.1285	 0.1441
2018-03-31	29.9450	-0.0951	0.0000	0.3377	29.5341	 0.2996	 0.0000	1.0000	 0.6107	1.1459	 0.1614
2018-04-07	29.9733	-0.0669	0.0000	0.3345	30.2159	 0.3436	 0.0000	1.6232	 0.5812	1.1204	 0.1359
2018-04-14	29.8703	-0.1699	0.0000	0.1382	30.4139	 0.4445	 0.0322	1.6957	 0.6081	1.1086	 0.1242
2018-04-21	30.2711	 0.2309	0.0000	0.8964	30.8593	 0.3802	 0.0322	2.0000	 0.6095	1.1031	 0.1186
2018-04-28	29.7308	-0.3094	0.0000	0.0526	30.0280	 0.2906	 0.0322	1.0290	 0.6084	1.0858	 0.1014
2018-05-05	29.7875	-0.2527	0.0000	0.0111	30.0600	 0.1534	 0.0322	1.1449	 0.5595	1.0846	 0.1002
2018-05-12	29.3155	-0.7247	0.0000	0.0000	29.5226	-0.1404	 0.0322	1.0000	 0.3545	1.0700	 0.0856
2018-05-19	28.7156	-1.3246	0.0000	0.0000	29.4859	-0.7417	 0.0322	1.0000	-0.1072	1.0436	 0.0592
2018-05-26	28.2781	-1.7621	0.0000	0.0000	29.2142	-0.9459	 0.0322	0.4493	-0.1269	1.0424	 0.0579
2018-06-02	28.4723	-1.5679	0.0000	0.0000	29.2312	-1.0564	 0.0322	0.5507	-0.0555	1.0754	 0.0910
2018-06-09	28.1329	-1.9072	0.0000	0.0000	29.3026	-1.1585	 0.0322	0.6667	 0.0252	1.0574	 0.0730
2018-06-16	28.4576	-1.5826	0.0000	0.0000	28.9971	-1.2563	 0.0322	0.0000	 0.1133	1.0327	 0.0483
2018-06-23	27.8905	-2.1497	0.0000	0.0000	28.7928	-1.6078	 0.0322	0.0000	-0.0430	1.0270	 0.0425
2018-06-30	27.7075	-2.3327	0.0000	0.0000	28.5035	-1.7095	 0.0322	0.0000	 0.0536	1.0381	 0.0537
2018-07-07	27.7655	-2.2746	0.0000	0.0000	28.3243	-1.6779	 0.0000	0.0000	 0.2802	1.0308	 0.0463
2018-07-14	27.6269	-2.4133	0.0000	0.0000	27.8509	-1.6679	 0.0000	0.0000	 0.4855	0.9988	 0.0144
2018-07-21	27.8502	-2.1899	0.0000	0.0000	27.9933	-1.7982	 0.0000	0.0000	 0.4416	0.9766	-0.0078
2018-07-28	27.5953	-2.4449	0.0000	0.0000	27.8886	-1.8504	 0.0000	0.0000	 0.4566	0.9882	 0.0038
2018-08-04	27.7136	-2.3266	0.0000	0.0000	27.7338	-1.8484	 0.0000	0.0000	 0.5259	0.9879	 0.0035
2018-08-11	27.8983	-2.1419	0.0000	0.0000	27.8286	-1.5939	 0.0000	0.0000	 0.8486	0.9927	 0.0082
2018-08-18	27.8002	-2.2400	0.0000	0.0000	27.6929	-2.0567	 0.0000	0.0000	 0.3946	0.9723	-0.0122
2018-08-25	27.7508	-2.2894	0.0000	0.0000	27.5754	-1.7357	 0.0000	0.0000	 0.6458	0.9509	-0.0335
2018-09-01	28.1560	-1.8841	0.0000	0.0000	27.8139	-1.5372	 0.0000	0.0000	 0.7749	0.9597	-0.0247
2018-09-08	28.2429	-1.7973	0.0000	0.0000	27.7586	-1.4012	 0.0000	0.0000	 0.8421	0.9687	-0.0157
2018-09-15	27.9949	-2.0453	0.0000	0.0000	27.6414	-1.3896	 0.0000	0.0000	 0.7844	0.9647	-0.0197
2018-09-22	27.9603	-2.0799	0.0000	0.0000	28.0684	-1.6670	 0.0000	0.0000	 0.2608	0.9682	-0.0163
2018-09-29	28.1393	-1.9009	0.0000	0.0000	28.2323	-1.4528	 0.0000	0.0000	 0.2273	0.9637	-0.0207
2018-10-06	28.0621	-1.9781	0.0000	0.0000	28.4320	-1.2960	 0.0000	0.0000	 0.1390	0.9561	-0.0283
2018-10-13	28.4543	-1.5859	0.0000	0.0000	28.7723	-0.9058	 0.0000	0.0000	 0.2825	0.9717	-0.0127
2018-10-20	28.7571	-1.2831	0.0000	0.0000	28.5580	-0.5119	 0.0000	0.0000	 0.4250	0.9985	 0.0140
2018-10-27	29.3422	-0.6979	0.0000	0.0000	28.7486	-0.0054	 0.0000	0.0000	 0.6792	1.0252	 0.0408
2018-11-03	29.1529	-0.8873	0.0000	0.0000	29.0946	 0.1134	 0.0000	0.0145	 0.5462	1.0096	 0.0251
2018-11-10	29.6087	-0.4315	0.0000	0.0594	29.3855	 0.5269	 0.0094	1.0000	 0.7074	1.0066	 0.0222
2018-11-17	30.0380	-0.0022	0.0000	0.4117	29.7523	 0.6709	 0.0289	1.0000	 0.6828	1.0223	 0.0379
2018-11-24	30.1603	 0.1201	0.0000	0.8669	29.7939	 0.4325	 0.0289	1.0000	 0.4862	1.0443	 0.0599
2018-12-01	30.1608	 0.1207	0.0000	0.7740	29.7012	 0.4844	 0.0289	1.0000	 0.5784	1.0522	 0.0678
2018-12-08	30.2786	 0.2384	0.0000	1.0000	29.9333	 0.9490	 0.3681	1.0000	 1.0847	1.0312	 0.0467
2018-12-15	30.1343	 0.0941	0.0000	0.6950	29.7430	 0.6476	 0.5883	1.0000	 0.8244	1.0530	 0.0686
2018-12-22	29.6203	-0.4199	0.0000	0.0001	29.6775	 0.0224	 0.5898	1.0000	 0.2508	1.0726	 0.0881
2018-12-29	29.5038	-0.5364	0.0000	0.0000	29.5019	 0.0553	 0.5898	1.0000	 0.3349	1.0664	 0.0819
2019-01-05	29.2714	-0.7688	0.0000	0.0000	29.0870	-0.0142	 0.5898	0.0435	 0.3172	1.0506	 0.0661
2019-01-12	29.4264	-0.6138	0.0000	0.0000	29.2971	 0.1695	 0.5898	0.8406	 0.5524	1.0786	 0.0941
2019-01-19	29.5619	-0.4782	0.0000	0.0000	29.2335	-0.0072	 0.5898	0.5942	 0.4347	1.0966	 0.1122
2019-01-26	29.4092	-0.6310	0.0000	0.0000	29.1325	-0.2148	 0.5898	0.2609	 0.2914	1.1451	 0.1606
2019-02-02	29.4413	-0.5988	0.0000	0.0000	28.4101	-0.2472	 0.5803	0.0000	 0.3236	1.1194	 0.1350
2019-02-09	29.1936	-0.8466	0.0000	0.0000	28.7171	-0.3025	 0.5609	0.0000	 0.3322	1.1078	 0.1234
2019-02-16	28.9379	-1.1023	0.0000	0.0000	29.4071	-0.1501	 0.5609	0.8116	 0.5309	1.1148	 0.1304
2019-02-23	29.3868	-0.6533	0.0000	0.0000	29.7851	 0.0284	 0.5609	1.0000	 0.6585	1.1203	 0.1359
2019-03-02	29.8035	-0.2367	0.0000	0.0408	29.8396	 0.2032	 0.2216	1.0000	 0.7804	1.1136	 0.1292
2019-03-09	29.6429	-0.3973	0.0000	0.0047	29.6210	 0.0419	 0.0015	1.0000	 0.5662	1.1178	 0.1334
2019-03-16	29.2760	-0.7642	0.0000	0.0000	29.5781	-0.2425	 0.0000	1.0000	 0.2266	1.1208	 0.1363
2019-03-23	29.5338	-0.5064	0.0000	0.0000	29.4867	 0.4307	 0.0000	1.0000	 0.8258	1.1257	 0.1412
2019-03-30	29.7917	-0.2485	0.0000	0.0033	29.7532	 0.2268	 0.0000	1.0000	 0.5485	1.1215	 0.1371
2019-04-06	29.7122	-0.3280	0.0000	0.0007	30.3955	 0.3778	 0.0000	1.6812	 0.5340	1.1057	 0.1212
2019-04-13	30.1374	 0.0972	0.0000	0.8331	30.5562	 0.7142	 0.0103	1.8986	 0.9571	1.1098	 0.1254
2019-04-20	29.9414	-0.0987	0.0000	0.2472	30.3110	 0.3289	 0.0110	1.9420	 0.5464	1.0897	 0.1053
2019-04-27	29.5979	-0.4423	0.0000	0.0000	30.0333	-0.0477	 0.0110	1.0000	 0.2575	1.0644	 0.0800
2019-05-04	29.5006	-0.5396	0.0000	0.0000	29.9955	-0.1305	 0.0110	1.0000	 0.2633	1.0597	 0.0753
2019-05-11	29.4827	-0.5575	0.0000	0.0000	29.5790	 0.1347	 0.0110	1.0000	 0.6166	1.0595	 0.0751
2019-05-18	29.7189	-0.3213	0.0000	0.0022	29.5258	 0.0337	 0.0110	1.0000	 0.6462	1.0460	 0.0616
2019-05-25	29.2012	-0.8390	0.0000	0.0000	29.4780	-0.3735	 0.0110	1.0000	 0.4185	1.0444	 0.0600
2019-06-01	28.6025	-1.4377	0.0000	0.0000	29.2413	-1.0372	 0.0110	0.5507	-0.0632	1.0102	 0.0258
2019-06-08	27.7885	-2.2516	0.0000	0.0000	29.0228	-1.3995	 0.0110	0.0000	-0.2411	0.9767	-0.0077
2019-06-15	27.6357	-2.4045	0.0000	0.0000	28.6548	-1.7602	 0.0110	0.0000	-0.4200	0.9520	-0.0325
2019-06-22	27.6829	-2.3572	0.0000	0.0000	28.2077	-2.0913	 0.0110	0.0000	-0.5548	0.9702	-0.0142
2019-06-29	27.3665	-2.6736	0.0000	0.0000	28.2136	-2.2180	 0.0110	0.0000	-0.4849	0.9655	-0.0190
2019-07-06	27.2216	-2.8185	0.0000	0.0000	28.1142	-2.5300	 0.0007	0.0000	-0.5998	0.9536	-0.0308
2019-07-13	26.8553	-3.1849	0.0000	0.0000	27.9065	-2.7103	 0.0000	0.0000	-0.5835	0.9333	-0.0512
2019-07-20	26.7327	-3.3075	0.0000	0.0000	27.7339	-2.7797	 0.0000	0.0000	-0.5493	0.9336	-0.0508
2019-07-27	26.6198	-3.4204	0.0000	0.0000	27.7028	-2.9497	 0.0000	0.0000	-0.6523	0.9184	-0.0660
2019-08-03	26.4233	-3.6168	0.0000	0.0000	27.3990	-3.1382	 0.0000	0.0000	-0.7728	0.9031	-0.0814
2019-08-10	26.7129	-3.3272	0.0000	0.0000	27.1023	-2.7646	 0.0000	0.0000	-0.3321	0.9133	-0.0712
2019-08-17	26.5421	-3.4981	0.0000	0.0000	27.4783	-2.7647	 0.0000	0.0000	-0.3032	0.9167	-0.0678
2019-08-24	26.3497	-3.6905	0.0000	0.0000	27.3822	-3.0108	 0.0000	0.0000	-0.6194	0.9166	-0.0679
2019-08-31	26.7433	-3.2969	0.0000	0.0000	27.4080	-2.8071	 0.0000	0.0000	-0.4853	0.9061	-0.0783
2019-09-07	26.8121	-3.2281	0.0000	0.0000	27.3123	-2.7474	 0.0000	0.0000	-0.4944	0.9134	-0.0710
2019-09-14	26.8309	-3.2092	0.0000	0.0000	27.0983	-2.9346	 0.0000	0.0000	-0.7507	0.9082	-0.0762
2019-09-21	26.7426	-3.2975	0.0000	0.0000	27.2722	-2.7659	 0.0000	0.0000	-0.8033	0.8952	-0.0893
2019-09-28	27.0442	-2.9960	0.0000	0.0000	27.7013	-2.3324	 0.0000	0.0000	-0.6162	0.9102	-0.0742
2019-10-05	27.4494	-2.5908	0.0000	0.0000	27.6848	-2.1289	 0.0000	0.0000	-0.6594	0.9116	-0.0728
2019-10-12	27.5983	-2.4419	0.0000	0.0000	27.8807	-1.6691	 0.0000	0.0000	-0.4468	0.9146	-0.0698
2019-10-19	27.9458	-2.0944	0.0000	0.0000	28.4004	-1.5407	 0.0000	0.0000	-0.5670	0.9263	-0.0582
2019-10-26	28.0497	-1.9905	0.0000	0.0000	28.6035	-1.3167	 0.0000	0.0000	-0.5954	0.9404	-0.0440
2019-11-02	28.5781	-1.4621	0.0000	0.0000	28.8594	-0.6731	 0.0000	0.0000	-0.2042	0.9684	-0.0160
2019-11-09	29.0276	-1.0126	0.0000	0.0000	28.8655	-0.0702	 0.0000	0.0000	 0.1454	0.9776	-0.0068
2019-11-16	29.5729	-0.4673	0.0000	0.0001	29.4774	 0.0137	 0.0000	1.0000	 0.0190	0.9777	-0.0067
2019-11-23	29.4239	-0.6163	0.0000	0.0005	29.6709	 0.2769	 0.0000	1.0000	 0.3239	0.9787	-0.0058
2019-11-30	29.7568	-0.2834	0.0000	0.0990	30.0036	 0.4197	 0.0000	1.1739	 0.5098	1.0102	 0.0258
2019-12-07	29.9132	-0.1270	0.0000	0.2751	30.2161	 0.8434	 0.0831	1.5507	 0.9732	1.0050	 0.0206
2019-12-14	30.9624	 0.9222	0.4360	1.3801	30.3774	 1.0589	 1.1064	2.0000	 1.2308	1.0251	 0.0407
2019-12-21	30.6552	 0.6150	0.4367	1.0007	30.3493	 1.1623	 2.1468	1.9420	 1.3833	1.0303	 0.0459
2019-12-28	30.8794	 0.8392	0.6966	1.2446	30.4180	 1.4982	 3.3638	1.9565	 1.7705	1.0387	 0.0543
2020-01-04	30.4068	 0.3666	0.6966	1.0000	29.7594	 0.8997	 3.8545	1.0000	 1.2237	1.0887	 0.0973
2020-01-11	30.0342	-0.0060	0.6966	0.5695	29.5364	 0.4510	 3.9205	1.0000	 0.8260	1.1278	 0.1365
2020-01-18	29.8035	-0.2366	0.6966	0.0337	29.5186	 0.1781	 3.9205	1.0000	 0.6101	1.1075	 0.1161
2020-01-25	29.7402	-0.2999	0.6966	0.0332	29.9699	 0.4722	 3.9205	1.0000	 0.9691	1.0663	 0.0749
2020-02-01	30.0588	 0.0186	0.6966	0.5441	29.9481	 0.4541	 3.9418	1.0290	 1.0156	1.1128	 0.1214
2020-02-08	30.0637	 0.0235	0.6966	0.6413	29.8457	 0.6445	 3.9418	1.2899	 1.2703	1.0968	 0.1055
2020-02-15	29.7307	-0.3095	0.6966	0.0059	29.8977	 0.5938	 3.9418	1.0290	 1.2841	1.1141	 0.1227
2020-02-22	29.7715	-0.2687	0.6966	0.0000	29.4112	 0.5057	 3.9454	1.0000	 1.1445	1.1201	 0.1287
2020-02-29	30.0267	-0.0135	0.6966	0.4901	29.3288	 0.4252	 3.8622	0.5362	 1.0132	1.1483	 0.1569
2020-03-07	30.0674	 0.0272	0.2606	0.5960	29.2910	 0.2617	 2.8437	0.9855	 0.7990	1.1323	 0.1409
2020-03-14	29.8964	-0.1438	0.2599	0.1027	29.5703	 0.6098	 1.8031	1.0000	 1.0982	1.1343	 0.1429
2020-03-21	29.6747	-0.3655	0.0000	0.0157	30.0926	 0.4315	 0.5868	1.0290	 0.8473	1.1157	 0.1243
2020-03-28	30.2673	 0.2271	0.0000	0.9842	30.1397	 1.0953	 0.2455	1.4928	 1.4372	1.1303	 0.1390
2020-04-04	30.7329	 0.6927	0.0000	1.0000	30.3233	 0.8883	 0.3245	1.9855	 1.1571	1.1291	 0.1378
2020-04-11	30.4824	 0.4422	0.0000	1.0000	30.2572	 0.8456	 0.7810	1.6522	 1.0424	1.1059	 0.1146
2020-04-18	30.5666	 0.5265	0.0000	1.0000	30.3226	 1.1054	 1.3193	2.0870	 1.2972	1.0947	 0.1034
2020-04-25	30.5054	 0.4652	0.0000	1.0000	30.5730	 0.6880	 1.8215	2.5942	 0.9680	1.0962	 0.1048
2020-05-02	30.4970	 0.4569	0.0000	0.9993	30.1649	 0.6720	 1.8215	1.1594	 1.0407	1.1161	 0.1248
2020-05-09	30.2540	 0.2138	0.0000	0.9481	30.1784	 0.5380	 1.8215	1.9130	 0.9948	1.1050	 0.1136
2020-05-16	29.6970	-0.3432	0.0000	0.0236	29.8636	 0.2132	 1.8178	1.0000	 0.7757	1.0835	 0.0922
2020-05-23	29.3688	-0.6714	0.0000	0.0000	29.8990	-0.0431	 1.8178	1.0000	 0.6989	1.0798	 0.0884
2020-05-30	29.4545	-0.5857	0.0000	0.0000	29.8199	-0.1540	 1.8126	1.0000	 0.7698	1.0733	 0.0820
2020-06-06	29.2281	-0.8120	0.0000	0.0000	29.3987	-0.5222	 1.8126	0.7246	 0.5816	1.0964	 0.1050
2020-06-13	28.9983	-1.0419	0.0000	0.0000	28.9990	-0.7739	 1.8126	0.0145	 0.5163	1.0915	 0.1001
2020-06-20	28.6365	-1.4036	0.0000	0.0000	28.9954	-1.2499	 1.6633	0.0000	 0.2314	1.1047	 0.1134
2020-06-27	28.4423	-1.5979	0.0000	0.0000	28.7586	-1.3196	 1.5183	0.0000	 0.3576	1.0874	 0.0960
2020-07-04	28.2929	-1.7473	0.0000	0.0000	28.7212	-1.5532	 1.0618	0.0000	 0.3207	1.0621	 0.0708
2020-07-11	27.4704	-2.5698	0.0000	0.0000	28.6777	-1.9667	 0.5241	0.0000	 0.1036	1.0610	 0.0697
2020-07-18	27.6600	-2.3802	0.0000	0.0000	28.6774	-1.8322	 0.0000	0.0000	 0.3794	1.0651	 0.0738
2020-07-25	27.9040	-2.1362	0.0000	0.0000	28.2254	-2.0076	 0.0000	0.0000	 0.2710	1.0721	 0.0808
2020-08-01	27.7915	-2.2487	0.0000	0.0000	28.2890	-2.0044	 0.0000	0.0000	 0.3416	1.0521	 0.0607
2020-08-08	27.8984	-2.1418	0.0000	0.0000	28.0007	-1.8912	 0.0000	0.0000	 0.5224	1.0289	 0.0376
2020-08-15	27.9970	-2.0432	0.0000	0.0000	28.3913	-1.7139	 0.0000	0.0000	 0.7663	1.0025	 0.0111
2020-08-22	28.1592	-1.8810	0.0000	0.0000	28.5212	-1.5707	 0.0000	0.0000	 0.8401	1.0188	 0.0274
2020-08-29	27.8309	-2.2093	0.0000	0.0000	28.3399	-1.9083	 0.0000	0.0000	 0.4337	1.0363	 0.0449
2020-09-05	27.8002	-2.2399	0.0000	0.0000	28.6112	-1.7484	 0.0000	0.0000	 0.5242	1.0488	 0.0575
2020-09-12	28.0239	-2.0163	0.0000	0.0000	28.5122	-1.7161	 0.0000	0.0000	 0.4868	1.0435	 0.0522
2020-09-19	27.8426	-2.1976	0.0000	0.0000	28.7713	-1.3463	-1.3463	0.0000	 0.6859	1.0355	 0.0442
2020-09-26	28.3936	-1.6466	0.0000	0.0000	28.9983	-1.0389	 0.0000	0.0000	 0.7481	1.0333	 0.0419
2020-10-03	28.8832	-1.1570	0.0000	0.0000	29.0161	-0.9299	 0.0000	0.0145	 0.6103	1.0531	 0.0618
2020-10-10	28.9682	-1.0720	0.0000	0.0000	28.7529	-0.8408	 0.0000	0.0000	 0.4528	1.0633	 0.0719
2020-10-17	28.7114	-1.3287	0.0000	0.0000	29.1539	-0.4697	 0.0000	0.1594	 0.5765	1.0633	 0.0720
2020-10-24	29.3535	-0.6867	0.0000	0.0000	29.3743	-0.0998	 0.0000	0.7826	 0.6931	1.0828	 0.0914
2020-10-31	29.6367	-0.4035	0.0000	0.0000	29.8910	 0.3558	 0.0000	1.0000	 0.8969	1.1088	 0.1175
2020-11-07	29.4896	-0.5506	0.0000	0.0000	29.8157	 0.2049	 0.0000	1.0000	 0.4929	1.1233	 0.1319
2020-11-14	29.5945	-0.4456	0.0000	0.0203	29.9638	 0.5759	 0.0000	1.0145	 0.6140	1.1264	 0.1351
2020-11-21	29.8212	-0.2190	0.0000	0.0613	29.9749	 0.3900	 0.0000	1.0000	 0.4250	1.1198	 0.1285
2020-11-28	29.7164	-0.3238	0.0000	0.0406	30.0177	 0.5015	 0.0011	1.0000	 0.5784	1.1328	 0.1414
2020-12-05	30.1959	 0.1557	0.0000	0.8217	29.4075	 0.8672	 0.1315	1.0000	 0.9848	1.1328	 0.1415
2020-12-12	30.1162	 0.0760	0.0000	0.5739	29.4803	 0.9049	 0.2994	0.8986	 1.0650	1.1748	 0.1834
2020-12-19	30.0831	 0.0429	0.0000	0.8746	29.3467	 0.4253	 0.3319	0.6667	 0.6318	1.1956	 0.2043
2020-12-26	29.7102	-0.3300	0.0000	0.0000	29.2448	 0.3425	 0.3319	0.6667	 0.5999	1.1722	 0.1808
2021-01-02	29.7448	-0.2954	0.0000	0.0017	29.2333	 0.4349	 0.3319	0.5652	 0.7441	1.1743	 0.1830
2021-01-09	29.7357	-0.3045	0.0000	0.0317	29.2380	 0.5532	 0.3319	0.6232	 0.9137	1.1950	 0.2037
2021-01-16	30.0411	 0.0009	0.0000	0.4574	29.2772	 0.6379	 0.3843	0.6812	 1.0515	1.2019	 0.2105
2021-01-23	29.3812	-0.6590	0.0000	0.0000	28.8730	-0.0014	 0.3843	0.0000	 0.4769	1.2128	 0.2215
2021-01-30	29.2420	-0.7982	0.0000	0.0000	28.8014	-0.1112	 0.3843	0.0000	 0.4316	1.2245	 0.2331
2021-02-06	29.3561	-0.6840	0.0000	0.0000	28.6814	-0.1541	 0.3843	0.0000	 0.4532	1.2513	 0.2599
2021-02-13	29.1720	-0.8682	0.0000	0.0000	28.3907	-0.1871	 0.3843	0.0000	 0.4847	1.2468	 0.2554
2021-02-20	29.1367	-0.9034	0.0000	0.0000	28.5180	-0.3769	 0.3832	0.0000	 0.2761	1.2355	 0.2442
2021-02-27	29.4574	-0.5827	0.0000	0.0701	28.6746	 0.0743	 0.2528	0.0000	 0.6740	1.2300	 0.2386
2021-03-06	29.5770	-0.4631	0.0000	0.0000	28.5380	 0.0194	 0.0849	0.0000	 0.5661	1.2204	 0.2291
2021-03-13	29.3476	-0.6926	0.0000	0.0000	28.6868	-0.2084	 0.0522	0.0000	 0.2851	1.1961	 0.2047
2021-03-20	29.8934	-0.1467	0.0000	0.2138	29.3286	 0.4342	 0.0522	0.6522	 0.8601	1.1987	 0.2074
2021-03-27	29.9013	-0.1388	0.0000	0.1564	29.7193	 0.5389	 0.0587	1.0000	 0.8915	1.2014	 0.2100
2021-04-03	29.8531	-0.1871	0.0000	0.0372	29.7214	 0.3390	 0.0587	1.0000	 0.6192	1.1984	 0.2070
2021-04-10	29.6253	-0.4096	0.0000	0.0000	29.1767	 0.1849	 0.0065	0.3913	 0.3917	1.2150	 0.2237
2021-04-17	29.9235	-0.1167	0.0000	0.2776	29.8175	 0.3618	 0.0065	1.0000	 0.5405	1.2013	 0.2099
2021-04-24	29.9109	-0.1293	0.0000	0.1699	29.4194	 0.5688	 0.0065	0.6377	 0.8362	1.1768	 0.1855
2021-05-01	30.0481	 0.0079	0.0000	0.6002	29.5390	 0.4351	 0.0065	1.0000	 0.7907	1.1647	 0.1733
2021-05-08	29.7722	-0.2680	0.0000	0.0310	29.7203	 0.0618	 0.0065	1.0000	 0.5062	1.1561	 0.1647
2021-05-15	29.2946	-0.7456	0.0000	0.0000	29.5558	-0.3188	 0.0065	1.0000	 0.2138	1.1452	 0.1539
2021-05-22	29.2328	-0.8074	0.0000	0.0000	29.4914	-0.3050	 0.0065	1.0000	 0.4094	1.1204	 0.1291
2021-05-29	29.2897	-0.7504	0.0000	0.0000	29.5638	-0.2590	 0.0065	1.0000	 0.6399	1.1302	 0.1388
2021-06-05	29.0877	-0.9525	0.0000	0.0000	29.6654	-0.4115	 0.0065	1.0000	 0.6693	1.0967	 0.1054
2021-06-12	28.9543	-1.0859	0.0000	0.0000	29.7245	-0.5355	 0.0065	1.0000	 0.7249	1.0978	 0.1065
2021-06-19	28.8486	-1.1916	0.0000	0.0000	29.5854	-0.6638	 0.0000	1.0000	 0.7889	1.0972	 0.1059
2021-06-26	28.5524	-1.4878	0.0000	0.0000	29.4675	-0.8030	 0.0000	1.0000	 0.8460	1.0972	 0.1059
2021-07-03	28.4820	-1.5582	0.0000	0.0000	29.1251	-1.0626	 0.0000	0.4203	 0.7830	1.1036	 0.1122
2021-07-10	28.2217	-1.8185	0.0000	0.0000	28.9929	-1.2824	 0.0000	0.0000	 0.7599	1.0988	 0.1075
2021-07-17	27.9074	-1.9685	0.0000	0.0000	28.7959	-1.3093	 0.0000	0.0000	 0.8932	1.0862	 0.0948
2021-07-24	28.1595	-1.8807	0.0000	0.0000	28.6114	-1.2421	 0.0000	0.0000	 1.0271	1.1028	 0.1114
2021-07-31	28.1522	-1.8880	0.0000	0.0000	28.5007	-1.3861	 0.0000	0.0000	 0.9499	1.0710	 0.0797
2021-08-07	28.0885	-1.9517	0.0000	0.0000	27.4568	-1.8571	 0.0000	0.0000	 0.5465	1.0636	 0.0723
2021-08-14	27.6031	-2.4371	0.0000	0.0000	27.6293	-1.6845	 0.0000	0.0000	 0.7857	1.0568	 0.0655
2021-08-21	27.8003	-2.2399	0.0000	0.0000	27.7538	-1.5600	 0.0000	0.0000	 0.8605	1.0482	 0.0568
2021-08-28	27.8198	-2.2204	0.0000	0.0000	28.0314	-1.2824	 0.0000	0.0000	 1.0692	1.0407	 0.0493
2021-09-04	28.3142	-1.7259	0.0000	0.0000	28.3019	-1.0119	 0.0000	0.0000	 1.2704	1.0483	 0.0569
2021-09-11	28.1896	-1.8506	0.0000	0.0000	28.0634	-1.2504	 0.0000	0.0000	 0.9636	1.0590	 0.0677
2021-09-18	28.5326	-1.5076	0.0000	0.0000	28.1984	-1.1154	 0.0000	0.0000	 0.9543	1.0638	 0.0725
2021-09-25	28.3163	-1.7239	0.0000	0.0000	28.0848	-1.2290	 0.0000	0.0000	 0.5929	1.0499	 0.0585
2021-10-02	28.3997	-1.6405	0.0000	0.0000	28.3949	-0.9189	 0.0000	0.0000	 0.6569	1.0681	 0.0768
2021-10-09	29.0992	-0.9410	0.0000	0.0000	29.0281	-0.2857	 0.0000	0.0000	 1.0431	1.0979	 0.1065
2021-10-16	29.2079	-0.8323	0.0000	0.0000	29.1026	-0.2112	 0.0000	0.0000	 0.8682	1.1146	 0.1232
2021-10-23	29.7867	-0.2535	0.0000	0.0821	29.8389	 0.5251	 0.0000	1.0000	 1.3545	1.1023	 0.1110
2021-10-30	30.1917	 0.1515	0.0000	0.6996	30.1788	 0.8650	 0.0506	1.1537	 1.4413	1.1064	 0.1151
2021-11-06	30.1216	 0.0814	0.0000	0.8280	30.1553	 0.8415	 0.1220	1.0000	 1.1660	1.1315	 0.1402
2021-11-13	30.5246	 0.4844	0.0000	1.0000	30.5912	 1.2774	 1.0672	1.9597	 1.3486	1.1660	 0.1746
2021-11-20	30.1144	 0.0742	   NaN	0.7899	29.9251	 0.6113	 1.4348	1.0000	 0.6413	1.1840	 0.1926
2021-11-27	29.8636	-0.1766	   NaN	0.1047	30.1943	 0.8805	 1.4762	1.1940	 0.9513	1.1901	 0.1987
2021-12-04	30.2853	 0.2451	   NaN	1.0000	30.1016	 0.7878	 1.5861	1.0000	 0.9003	1.2125	 0.2211
2021-12-11	29.8362	-0.2040	   NaN	0.0215	29.5847	 0.2709	 1.5861	1.0000	 0.4239	1.2149	 0.2236
2021-12-18	29.6250	-0.4152	   NaN	0.0049	29.8425	 0.5287	 1.5861	1.0000	 0.7273	1.2189	 0.2275
2021-12-25	30.0228	-0.0173	   NaN	0.4671	29.2818	-0.0320	 1.5905	0.5088	 0.2182	1.1668	 0.1755
2022-01-01	29.5052	-0.5350	   NaN	0.0000	29.2996	-0.0142	 1.5905	0.3879	 0.2876	1.2080	 0.2166
2022-01-08	29.3680	-0.6722	   NaN	0.0000	29.1147	-0.1991	 1.5905	0.0050	 0.1540	1.2082	 0.2169
2022-01-15	29.3951	-0.6451	   NaN	0.0000	29.3399	 0.0261	 1.5905	0.5214	 0.4308	1.2075	 0.2162
2022-01-22	29.8551	-0.1851	   NaN	0.0483	29.2884	-0.0254	 1.5400	0.3980	 0.4439	1.1850	 0.1937
2022-01-29	29.5356	-0.5046	   NaN	0.0070	29.5707	 0.2569	 1.4685	0.8010	 0.7904	1.1793	 0.1879
2022-02-05	29.9372	-0.1030	   NaN	0.3642	29.5492	 0.2354	 0.5229	0.8564	 0.8335	1.1990	 0.2076
2022-02-12	29.6189	-0.4212	   NaN	0.0000	29.3951	 0.0813	 0.1554	0.6625	 0.7442	1.2094	 0.2180
2022-02-19	29.6423	-0.3979	   NaN	0.0000	29.6562	 0.3424	 0.1141	0.9849	 1.0023	1.1878	 0.1964
2022-02-26	29.5528	-0.4874	   NaN	0.0000	29.3524	 0.0386	 0.0043	0.7280	 0.6463	1.2119	 0.2205
2022-03-05	29.4857	-0.5544	   NaN	0.0000	29.5765	 0.2627	 0.0043	0.9798	 0.8173	1.2221	 0.2307
2022-03-12	29.5998	-0.4404	   NaN	0.0000	29.8832	 0.5694	 0.0043	1.0000	 1.0716	1.2113	 0.2199
2022-03-26	30.1080	 0.0678	   NaN	0.8047	29.5650	 0.2512	 0.0565	1.0000	 0.6152	1.2195	 0.2281
2022-04-02	29.6742	-0.3659	   NaN	0.0000	29.4792	 0.1654	 0.0565	1.0000	 0.4563	1.2035	 0.2122
2022-04-16	30.0512	 0.0110	   NaN	0.5691	30.0126	 0.6988	 0.0576	1.0000	 0.8641	1.1803	 0.1889
2022-04-23	30.1491	 0.1089	   NaN	0.8438	29.8768	 0.5630	 0.0616	1.0000	 0.8177	1.1741	 0.1827
2022-04-30	30.1053	 0.0651	   NaN	0.6884	29.9808	 0.6670	 0.0616	1.0000	 1.0114	1.1555	 0.1641
2022-05-07	29.7921	-0.2481	   NaN	0.0837	29.6495	 0.3357	 0.0616	1.0000	 0.7672	1.1559	 0.1646
2022-05-14	29.2751	-0.7651	   NaN	0.0000	29.7457	 0.4319	 0.0616	1.0000	 0.9531	1.1787	 0.1873
2022-05-21	29.9333	-0.1069	   NaN	0.2704	29.5370	 0.2231	 0.0616	0.9421	 0.9123	1.1886	 0.1972
2022-05-28	29.4225	-0.6177	   NaN	0.0000	29.2326	-0.0812	 0.0616	0.1864	 0.7908	1.1561	 0.1647
2022-06-11	29.6633	-0.3769	   NaN	0.0068	29.4935	 0.1797	 0.0051	0.7355	 1.4179	1.1464	 0.1551
